0
0
0
0
0
0
0
0
0
0
0
0
0
0
0
0
0
0
0
0
0
0
0
0
0
0
0
0
0
0
0
0
0
0
0
0
0
0
0
0
0
1
0
0
0
0
1
1
0
1
0
0
0
1
0
0
0
1
0
0
1
0
3
1
1
0
1
0
0
2
0
0
0
1
1
0
1
1
0
0
0
1
1
0
1
0
0
0
0
1
0
0
1
1
1
0
0
0
0
0
1
1
0
0
0
0
0
0
0
0
0
0
0
0
0
0
0
0
0
0
0
0
0
0
0
0
0
0
0
0
0
1
0
0
0
0
0
0
0
0
0
0
0
0
0
0
0
0
0
0
0
0
0
0
0
0
0
0
0
0
0
0
0
0
0
0
0
0
0
0
0
0
0
0
0
0
0
0
0
0
0
0
0
0
0
0
0
0
0
0
0
0
0
0
0
0
0
0
0
0
0
0
0
0
0
0
0
0
0
0
0
0
0
0
0
0
0
0
0
0
0
0
0
0
0
0
0
0
0
0
0
0
0
0
0
0
0
0
0
0
0
0
0
0
0
0
0
0
0
0
0
0
0
0
0
0
0
0
0
0
0
0
0
0
0
0
0
0
0
0
0
0
0
0
0
0
0
0
0
0
0
0
0
0
0
0
0
0
0
0
0
0
0
0
0
0
0
0
0
0
0
0
0
0
0
0
0
0
0
0
0
0
0
0
0
0
0
0
0
0
0
0
0
0
0
0
0
0
0
0
0
0
0
0
0
0
0
0
0
0
0
0
0
0
0
0
0
0
0
0
0
0
0
0
0
0
0
0
0
0
0
0
0
0
0
0
0
0
0
0
0
0
0
0
0
0
0
0
0
0
0
0
0
0
0
0
0
0
0
0
0
0
0
0
0
0
0
0
0
0
0
0
0
0
0
0
0
0
0
0
0
0
0
0
0
0
0
0
0
0
0
0
0
0
0
0
0
0
0
0
0
0
0
0
0
0
0
0
0
0
0
0
0
0
0
0
0
0
0
0
0
0
0
0
0
0
0
0
0
0
0
0
0
0
0
0
0
0
0
0
0
0
0
0
0
0
0
0
0
0
0
0
0
0
0
0
0
0
0
0
0
0
0
0
0
0
0
0
0
0
0
0
0
0
0
0
0
0
0
0
0
0
0
0
0
0
0
0
0
0
0
0
0
0
0
0
0
0
0
0
0
0
0
0
0
0
0
0
0
0
0
0
0
0
0
0
0
0
0
0
0
0
0
0
0
0
0
0
0
0
0
0
0
0
0
0
0
0
0
0
0
0
0
0
0
0
0
0
0
0
0
0
0
0
0
0
0
0
0
0
0
0
0
0
0
0
0
0
0
0
0
0
0
0
0
0
0
0
0
0
0
0
0
0
0
0
0
0
0
0
0
0
0
0
0
0
0
0
0
0
0
0
0
0
0
0
0
0
0
0
0
0
0
0
0
0
0
0
0
0
0
0
0
0
0
0
0
0
0
0
0
0
0
0
0
0
0
0
0
0
0
0
0
0
0
0
0
0
0
0
0
0
0
0
0
0
0
0
0
0
0
0
0
0
0
0
0
0
0
0
0
0
0
0
0
0
0
0
0
0
0
0
0
0
0
0
0
0
0
0
0
0
0
0
0
0
0
0
0
0
0
0
0
0
0
0
0
0
0
0
0
0
0
0
0
0
0
0
0
0
0
0
0
0
0
1
0
0
0
0
0
0
0
0
0
0
0
0
0
0
0
0
0
0
1
0
0
0
0
0
0
0
0
0
0
0
0
0
1
0
0
0
0
0
1
0
0
0
0
0
0
0
1
0
0
0
1
0
0
0
0
0
1
1
0
0
0
0
0
1
0
0
0
0
0
0
1
0
0
0
0
0
0
0
0
0
0
1
0
0
0
0
0
0
1
0
0
0
0
0
0
0
0
2
0
1
0
1
1
0
1
0
0
1
0
1
0
0
0
5
0
1
1
0
0
0
0
1
0
2
0
0
0
1
1
0
1
1
0
0
0
1
0
1
0
1
3
1
1
1
6
0
2
0
1
1
2
3
3
0
1
0
2
1
0
1
1
2
0
1
3
4
3
4
0
1
1
1
2
4
1
3
0
2
0
0
2
1
1
5
3
0
1
1
2
2
3
1
1
1
3
1
2
1
4
3
0
1
1
2
3
2
2
1
2
2
2
4
3
4
2
8
3
0
7
1
3
1
2
2
4
2
2
1
4
2
1
1
3
2
6
2
1
4
3
3
4
1
4
1
1
0
1
3
2
2
1
3
3
9
1
2
4
5
5
3
3
3
1
2
4
1
3
6
2
1
7
4
0
3
2
3
4
8
3
7
4
3
2
6
5
4
6
4
1
8
6
4
8
0
8
6
2
4
7
4
9
4
5
2
5
4
6
4
10
6
2
1
8
4
7
3
3
0
7
2
5
5
4
4
6
5
5
3
4
4
2
5
2
4
5
3
5
5
5
9
4
4
8
0
6
7
6
9
10
3
6
7
5
5
9
7
9
7
7
3
13
10
6
3
6
4
3
9
9
6
7
5
3
11
8
5
5
7
4
10
8
5
2
8
5
5
6
6
6
2
11
2
12
12
8
6
5
15
4
3
7
5
7
3
4
1
6
6
5
7
8
6
4
5
3
9
8
9
12
6
4
6
6
6
4
7
7
9
4
9
7
5
12
6
9
7
2
10
5
7
10
11
8
3
7
8
10
8
7
8
7
7
11
9
3
5
11
11
3
2
6
12
7
11
4
14
8
11
8
8
7
11
7
4
9
8
12
7
7
8
6
6
10
6
14
2
6
10
5
9
7
6
6
8
3
9
9
1
13
7
6
11
9
8
11
4
12
9
5
4
10
8
8
14
4
10
4
9
10
16
18
5
9
10
3
3
10
6
10
11
10
9
5
6
8
9
8
9
7
11
4
8
7
11
5
9
12
8
9
6
11
10
9
10
10
5
7
9
10
8
9
7
4
20
13
9
16
9
10
14
11
10
9
7
14
13
9
11
14
16
7
9
13
14
9
12
17
8
10
7
13
9
12
7
10
9
8
22
7
9
10
10
11
10
11
9
6
10
15
11
11
13
12
11
9
13
6
8
10
8
21
18
9
15
24
7
7
14
9
16
11
17
9
14
13
18
11
10
15
10
15
14
16
18
6
11
19
18
19
16
11
8
9
18
12
18
24
11
17
13
10
11
10
24
13
24
9
12
10
11
17
22
12
22
13
14
22
19
20
19
16
10
19
18
16
15
23
17
17
13
16
26
22
18
12
18
15
15
18
7
7
14
8
14
6
10
11
27
23
18
13
12
20
12
23
16
8
13
27
15
13
19
16
10
18
29
13
18
14
22
10
26
19
17
9
24
21
19
31
22
14
27
10
21
15
13
11
15
15
11
16
26
18
16
34
18
14
21
20
15
22
17
15
23
15
33
10
18
12
15
22
19
21
15
26
18
32
18
34
15
15
37
20
44
15
18
24
32
19
25
36
27
25
37
26
40
33
32
49
33
24
18
55
27
24
31
39
32
27
28
31
27
16
27
25
16
27
18
28
32
27
31
33
14
33
24
27
34
34
39
32
26
24
42
31
17
40
13
22
29
17
21
28
39
39
52
24
24
31
37
30
27
22
24
20
10
17
25
27
25
36
30
28
32
37
32
26
27
19
25
39
24
20
46
36
26
27
19
22
22
20
52
22
27
24
28
32
18
25
19
22
58
26
27
23
34
26
35
39
44
17
42
48
32
59
24
33
31
31
70
42
57
45
54
13
27
22
40
15
61
51
109
64
229
28
60
36
35
86
198
53
85
41
73
35
57
114
68
33
76
147
138
36
42
96
184
46
72
45
48
68
63
39
62
51
72
28
83
49
35
150
84
32
29
58
35
26
40
112
86
72
17
48
42
48
45
38
40
44
25
32
50
68
120
52
36
38
48
31
27
46
44
42
38
44
34
57
32
34
42
33
24
32
33
27
25
41
33
53
36
40
64
19
27
94
107
34
25
22
51
13
36
35
82
43
204
91
26
55
52
22
44
53
63
94
35
71
48
218
18
114
127
34
67
192
45
35
53
30
40
48
91
28
38
25
18
27
56
39
30
30
46
19
35
29
31
37
20
29
58
40
34
39
39
36
45
40
42
41
27
41
56
25
40
51
33
36
44
38
39
63
54
48
28
48
60
54
46
50
30
38
28
36
35
42
41
33
44
44
69
48
60
52
45
48
32
32
61
80
53
37
35
46
23
36
52
57
77
70
40
49
53
48
45
26
41
29
34
38
41
56
45
45
69
61
84
54
65
50
60
65
35
50
66
48
39
51
55
38
34
24
58
37
35
48
67
36
61
53
58
36
65
71
25
35
61
33
64
47
35
38
90
45
68
50
65
50
64
57
63
60
50
55
58
35
66
99
38
102
67
63
52
35
52
56
47
53
51
83
74
111
76
56
40
39
69
65
60
65
110
60
103
51
77
50
100
88
109
63
105
77
126
47
82
119
132
145
43
120
107
84
113
64
126
64
98
66
83
75
45
233
69
134
120
206
116
93
61
70
98
104
185
51
127
70
84
83
90
60
62
79
78
111
89
86
85
68
85
83
205
62
76
46
91
99
62
89
36
70
106
62
56
63
87
61
89
102
60
67
37
50
72
46
65
71
66
133
83
78
103
68
157
132
102
48
110
33
82
73
67
68
96
57
139
57
100
69
83
132
204
137
127
106
127
123
123
164
142
110
242
94
90
113
83
75
51
118
74
159
152
166
121
78
131
193
67
105
90
65
91
167
153
119
50
139
122
115
215
168
113
102
94
157
85
168
131
67
165
189
221
131
345
128
73
191
74
218
128
298
86
49
112
241
82
233
146
219
170
105
76
77
264
304
246
79
57
184
89
87
88
91
143
96
88
62
57
230
166
212
187
53
122
150
93
193
120
242
132
97
83
89
187
137
73
287
124
101
69
177
125
90
103
148
50
68
168
72
76
106
82
112
200
102
52
128
87
124
80
101
80
46
199
116
82
98
102
118
66
105
130
92
88
170
120
92
122
57
116
62
95
106
114
95
73
163
236
67
53
82
80
166
140
103
93
139
111
110
58
127
183
150
86
77
179
123
98
126
55
132
111
124
147
251
167
136
109
180
134
86
139
182
152
122
83
163
166
91
127
147
110
98
128
125
118
163
58
121
119
108
94
128
105
94
123
116
92
70
69
89
104
66
75
106
148
122
166
204
121
229
184
146
99
105
121
157
106
162
142
157
127
103
75
129
154
107
236
154
150
111
107
82
233
103
148
117
96
90
210
168
131
164
94
139
149
210
184
331
145
188
137
176
141
241
209
242
89
72
218
298
169
255
222
71
293
200
180
260
138
313
126
151
277
144
101
174
205
199
195
107
113
61
211
101
104
178
154
209
128
342
286
207
212
249
419
344
316
134
498
109
302
249
253
195
190
282
194
235
95
119
179
177
84
114
65
159
186
78
87
175
200
124
172
153
67
281
67
52
213
195
126
95
185
116
141
134
66
147
54
109
158
143
181
64
69
95
80
52
47
38
48
32
42
67
47
37
46
63
41
20
37
41
60
37
23
44
60
53
42
40
46
27
33
81
27
26
99
31
38
32
24
21
32
59
34
23
33
28
32
31
57
40
36
34
36
43
40
25
40
24
30
44
24
26
22
27
24
31
38
31
26
29
16
51
30
23
22
40
19
20
40
33
21
19
22
27
29
64
21
20
38
41
38
23
27
28
22
22
16
34
25
35
39
31
29
15
19
40
47
21
19
20
48
20
28
30
17
27
33
23
42
26
16
48
24
30
80
20
84
20
34
42
22
39
28
48
26
26
13
18
21
18
50
42
23
25
48
37
34
19
13
60
31
21
35
43
23
16
31
13
18
56
47
22
36
43
29
51
27
25
35
9
29
80
20
20
30
37
51
23
29
20
48
9
8
33
11
20
21
18
15
50
17
28
19
19
29
15
19
60
34
30
22
18
31
16
48
43
13
20
48
23
12
25
32
14
50
6
18
12
12
12
16
16
12
14
12
13
10
15
6
9
12
15
9
9
8
12
11
12
5
13
9
8
8
13
6
18
14
8
7
7
7
8
6
6
9
7
7
9
6
5
8
9
7
8
8
7
6
12
8
9
5
9
6
9
6
10
4
7
9
9
8
12
6
9
7
5
11
5
9
5
5
10
6
10
7
4
2
4
3
8
9
6
5
6
6
3
7
6
6
7
6
6
6
5
5
9
1
5
6
5
8
8
4
7
7
6
6
5
5
3
11
10
6
3
7
4
8
5
6
4
3
3
7
5
6
3
4
5
5
7
8
5
6
7
4
6
4
4
7
7
4
4
6
7
4
4
2
7
7
5
8
3
3
2
5
6
5
2
1
4
4
6
2
5
4
2
4
2
1
7
3
3
3
2
6
1
2
3
4
4
4
3
2
5
6
4
7
1
3
1
2
3
6
1
1
3
3
3
6
5
5
4
7
3
1
4
5
4
4
4
6
4
4
7
3
6
4
2
4
4
5
5
4
2
7
1
4
3
2
4
4
4
3
3
3
5
2
4
1
3
4
4
2
2
1
4
2
0
2
3
6
2
5
4
6
3
2
6
4
2
1
6
1
4
2
2
2
4
2
2
4
3
1
2
3
8
3
5
3
4
5
4
4
5
1
3
2
2
3
2
4
7
0
1
4
3
0
3
3
2
3
2
0
1
3
6
1
3
3
6
2
1
4
2
3
1
4
2
2
3
1
2
3
1
0
1
2
5
2
3
4
3
2
2
4
3
4
6
3
6
2
2
4
6
2
2
1
4
5
1
1
4
2
2
4
1
6
2
1
1
1
1
3
1
1
2
2
2
2
2
4
3
4
3
1
0
2
4
3
2
2
2
4
3
2
1
2
2
3
3
4
1
3
2
5
2
1
0
1
1
0
2
0
2
3
2
1
1
1
1
0
0
3
2
3
6
1
2
2
4
2
3
0
3
3
1
2
3
4
1
3
0
5
2
1
3
1
2
3
1
2
1
4
1
0
4
1
1
2
6
2
0
1
1
2
4
0
2
3
1
2
3
3
3
3
1
2
2
3
3
6
1
0
3
2
4
5
3
1
0
2
1
3
2
3
5
1
2
3
1
4
3
3
4
1
6
0
3
4
0
2
5
0
2
2
4
0
3
3
5
1
3
2
4
5
1
2
2
3
0
1
1
3
3
2
4
0
1
3
1
3
1
0
2
4
2
0
3
1
2
3
3
1
1
3
2
2
3
1
3
2
3
1
1
2
4
3
3
3
0
2
3
3
2
2
1
1
1
3
1
1
0
2
3
2
1
2
2
1
3
1
2
3
2
2
2
1
1
4
2
3
3
0
4
3
1
0
3
2
1
2
1
0
2
2
2
4
1
1
1
2
1
2
0
0
0
1
4
3
3
4
4
1
3
3
3
2
1
2
1
2
2
0
1
1
2
1
2
2
0
2
1
1
0
0
2
2
1
2
1
1
3
2
1
1
0
1
6
2
1
0
0
2
0
1
1
1
0
2
4
1
1
2
3
4
2
0
0
1
1
2
1
1
0
0
1
1
2
2
0
0
0
2
1
0
0
3
2
0
3
1
4
3
2
4
0
1
2
0
1
2
1
0
2
1
3
1
2
5
2
2
2
1
1
3
0
3
6
3
3
2
1
1
0
0
4
0
2
3
2
1
2
1
0
1
0
1
2
0
3
1
2
2
1
3
2
1
4
1
3
1
2
3
2
5
1
1
1
1
4
5
2
3
1
3
0
6
2
3
1
3
1
2
2
2
2
2
0
3
4
2
0
2
1
1
3
3
1
2
1
3
7
2
4
2
2
1
3
0
1
2
2
2
4
3
4
0
3
2
3
2
5
2
1
3
4
1
2
0
1
4
2
3
3
3
0
5
3
4
3
2
1
0
3
1
4
3
3
0
3
2
0
1
0
3
4
4
0
2
3
2
1
3
1
1
4
0
3
4
2
1
0
2
2
0
2
4
3
0
3
2
1
2
3
4
3
2
2
1
1
1
4
0
0
0
4
1
4
2
0
2
1
1
2
4
2
1
0
3
1
2
2
4
2
3
1
1
4
1
4
3
1
1
2
2
3
0
2
1
2
2
4
1
4
3
0
1
3
2
3
5
2
3
2
5
2
4
3
3
3
3
1
0
0
1
4
0
4
2
1
3
5
2
2
2
2
2
4
4
2
1
4
1
1
1
2
4
1
2
3
2
2
3
0
2
1
1
2
4
4
2
2
2
1
4
2
1
2
2
0
1
1
4
1
1
2
0
2
3
3
3
2
1
1
4
0
1
2
1
2
1
2
2
3
1
1
0
4
0
0
3
2
3
1
4
2
0
2
2
1
1
2
3
2
1
2
2
4
4
2
1
2
5
3
2
3
0
0
0
0
1
1
1
2
1
3
3
0
2
3
0
1
3
3
5
1
2
0
2
2
2
2
2
1
1
0
2
4
3
3
0
1
0
2
0
1
1
5
3
2
1
0
3
3
0
0
2
0
4
1
1
1
4
2
2
1
1
2
1
1
2
2
3
1
2
1
3
3
3
2
1
1
3
0
0
2
1
2
5
0
1
0
1
3
1
1
1
3
1
4
2
2
0
1
1
2
3
3
2
2
1
1
0
2
2
4
1
0
0
2
0
1
2
0
2
2
2
3
2
3
1
3
1
2
1
4
1
0
2
0
1
3
0
0
1
3
0
2
1
3
1
1
3
1
1
0
0
0
0
3
3
1
0
4
1
0
1
0
0
1
0
3
1
2
1
0
1
2
1
1
2
2
1
0
3
0
1
1
4
1
0
1
3
2
0
0
0
2
1
0
0
2
1
4
0
0
0
1
2
5
1
0
0
1
1
0
1
0
2
2
0
2
0
1
1
0
0
3
0
2
1
0
0
1
2
1
2
1
1
2
4
1
3
2
1
1
0
0
1
0
0
1
2
2
1
1
2
0
0
2
1
1
4
2
2
0
0
0
1
3
1
0
1
1
1
1
0
2
1
2
0
2
0
2
1
1
3
0
1
2
1
2
0
1
3
0
2
1
2
1
0
3
2
0
0
2
2
0
1
0
0
0
0
0
1
1
1
2
1
1
0
1
1
2
1
2
0
0
1
1
2
0
0
2
1
1
2
2
0
0
4
1
1
2
2
3
3
2
2
1
0
0
1
1
2
0
1
2
4
1
1
0
0
3
0
1
1
2
2
0
4
3
1
1
2
0
3
1
1
0
1
1
2
3
4
1
2
2
1
1
0
3
1
3
4
2
3
0
1
3
0
0
3
3
1
1
3
2
1
3
1
1
0
1
2
1
5
3
2
1
0
1
3
1
4
2
1
0
1
2
2
4
1
1
2
1
0
1
3
1
1
0
0
1
2
2
2
3
1
2
4
1
4
1
0
1
1
1
1
1
1
0
1
2
2
1
3
1
0
2
0
2
1
3
1
2
2
1
0
2
5
0
1
1
1
2
2
0
1
2
2
3
2
1
0
1
2
1
3
1
0
1
1
1
2
1
0
3
1
2
0
3
4
0
0
1
2
0
2
0
1
0
1
1
3
0
0
0
3
0
1
1
1
1
1
1
0
1
1
0
3
0
1
1
2
1
3
0
1
2
1
0
1
0
0
0
2
4
2
2
2
1
3
1
0
3
0
2
0
0
2
1
2
0
0
2
2
3
3
1
1
1
0
2
0
1
2
1
1
2
1
0
0
1
1
0
2
2
2
1
3
2
1
1
2
1
1
0
0
0
0
1
0
0
1
2
2
0
2
2
3
2
4
3
2
3
1
2
0
0
2
1
2
0
1
3
2
1
2
2
3
0
3
1
3
2
1
0
0
2
2
1
2
1
2
0
0
2
0
2
2
2
1
0
3
2
1
0
2
2
0
1
0
1
2
2
2
0
0
1
1
2
2
1
2
2
2
3
1
1
1
1
1
2
1
1
2
2
5
0
2
3
0
2
3
0
1
4
3
0
1
0
2
2
2
3
0
3
4
1
1
5
1
2
0
0
3
1
1
0
5
0
2
1
2
1
1
1
1
3
4
2
4
0
1
3
2
0
0
0
1
2
5
3
4
4
1
2
3
2
2
3
1
0
4
1
2
2
2
2
4
2
2
0
2
2
3
2
0
0
2
2
1
1
1
2
0
0
1
3
3
2
0
3
1
0
0
0
2
1
3
1
3
0
2
0
0
2
0
2
0
3
1
3
2
0
1
0
1
0
2
0
1
1
0
0
1
1
6
5
0
1
1
1
2
2
2
1
2
3
1
0
5
0
2
1
1
1
2
2
1
3
3
3
2
0
2
4
1
1
0
3
3
2
1
3
4
2
4
1
3
4
2
1
2
1
1
1
0
0
2
2
4
1
1
3
2
2
2
3
2
4
2
1
0
4
2
0
2
4
0
0
1
0
1
0
1
2
1
4
1
1
6
4
0
2
1
0
1
2
0
1
3
1
2
0
2
0
0
1
3
1
0
1
2
1
3
0
1
2
0
2
2
1
2
3
0
2
3
1
2
0
0
2
0
2
1
2
4
2
0
2
2
1
1
2
4
3
3
2
0
1
1
1
1
1
2
1
2
0
1
1
1
0
2
4
1
0
2
3
2
2
2
1
1
0
0
2
1
0
0
3
1
0
1
3
3
1
2
3
2
4
3
2
3
3
0
2
4
2
4
2
3
2
2
3
2
1
2
1
3
1
1
1
2
0
2
1
2
1
3
1
0
2
0
0
5
2
2
0
1
3
3
0
1
0
0
5
3
0
2
2
2
2
3
1
1
1
2
1
4
1
3
2
2
1
0
3
2
1
2
1
1
0
3
2
0
1
1
2
2
3
5
2
1
2
3
0
2
4
2
1
4
2
0
3
3
3
1
2
2
1
3
3
2
2
3
0
1
3
2
2
3
2
1
2
3
3
1
1
1
1
2
2
2
2
1
0
1
1
3
0
1
1
2
0
2
0
1
1
1
7
1
1
0
0
0
0
1
1
4
0
0
1
2
1
1
2
0
2
0
1
0
1
2
0
2
3
1
2
1
2
2
0
1
1
1
0
2
0
3
2
2
3
1
0
0
1
0
1
2
0
0
1
2
0
4
0
0
4
0
2
1
1
1
4
0
3
0
1
2
1
4
4
2
2
3
0
4
3
3
2
1
1
1
1
1
1
1
2
1
2
0
2
0
3
2
2
2
3
1
0
2
1
4
3
1
0
2
1
0
0
1
2
2
2
2
3
5
2
3
0
0
1
0
1
1
0
1
0
0
0
2
2
4
4
2
1
2
1
2
1
0
1
2
3
2
1
1
2
3
1
0
4
1
3
5
1
1
0
3
0
2
1
2
2
0
0
0
3
2
1
1
1
2
3
0
0
2
0
0
1
1
2
3
4
0
2
3
1
1
1
0
1
1
3
1
5
2
1
1
1
1
1
0
2
0
1
2
3
0
5
2
3
1
2
2
0
0
2
2
1
0
0
1
0
1
3
2
0
2
1
3
2
3
1
1
2
3
1
0
3
1
3
2
4
4
3
3
2
1
3
4
1
1
2
0
1
1
2
1
2
3
0
1
0
1
2
2
4
2
0
1
1
2
5
1
1
1
2
1
1
3
1
3
5
3
3
5
0
1
6
1
3
5
2
3
2
2
2
1
5
3
2
5
0
3
1
1
2
0
4
1
0
1
2
2
1
0
0
3
3
2
0
2
2
3
1
2
2
1
0
2
4
1
0
4
1
3
1
2
0
1
2
3
1
1
1
5
0
3
2
1
1
0
2
1
1
2
1
2
2
1
3
1
2
2
4
3
4
3
0
2
2
2
1
1
3
3
3
5
3
5
3
5
1
3
3
2
0
3
2
7
2
2
4
2
2
1
4
4
2
5
1
2
1
1
2
1
2
2
3
2
4
1
3
4
3
2
1
4
4
1
2
1
1
1
2
4
2
1
4
3
1
2
3
1
3
3
1
2
4
3
3
1
1
2
2
3
6
3
1
3
1
2
3
1
3
1
1
0
1
2
1
0
2
3
2
1
2
3
1
0
1
2
2
1
3
2
2
1
1
2
5
1
2
3
2
4
1
1
3
1
1
2
2
3
1
2
1
1
4
3
0
2
1
1
6
1
3
2
0
2
4
3
1
4
1
2
4
2
2
1
1
1
1
2
0
3
1
3
0
2
2
2
3
1
1
3
2
1
2
2
2
3
2
0
0
2
1
1
1
3
3
4
0
0
0
1
2
2
4
3
2
1
1
3
2
1
1
3
1
6
0
3
3
1
1
0
1
1
1
3
1
1
3
3
2
2
2
2
1
2
4
1
1
1
1
3
3
1
0
2
3
2
0
1
3
2
0
2
1
5
1
4
0
1
3
0
2
2
1
2
0
1
3
0
3
2
3
2
2
1
1
3
1
1
2
2
0
4
2
4
2
4
1
0
1
1
3
3
4
0
2
0
3
1
1
2
0
1
4
2
2
0
0
2
4
2
0
4
0
3
3
1
1
6
1
0
1
0
0
2
4
1
1
1
2
3
1
1
2
5
5
1
1
1
0
1
1
2
1
3
5
1
2
3
3
3
3
1
2
2
2
2
3
3
5
2
0
3
3
2
2
3
1
5
2
2
4
3
2
3
6
2
3
1
1
2
4
2
3
2
4
2
0
3
6
1
1
4
1
3
0
1
0
2
2
2
1
0
2
2
3
2
3
4
3
1
1
0
3
2
2
4
2
5
4
1
2
3
2
1
1
4
0
4
2
2
1
1
5
3
0
2
2
4
4
4
3
1
3
2
3
0
1
4
2
3
4
1
3
4
3
1
2
5
3
5
1
2
3
3
4
1
4
1
3
1
3
2
3
5
3
4
1
1
3
3
1
2
4
3
1
3
1
2
4
1
1
1
2
3
2
3
0
3
3
1
3
1
1
1
1
2
0
1
0
1
2
1
3
2
2
2
3
1
2
3
2
0
4
5
3
3
2
3
1
4
4
1
1
3
1
3
3
1
1
2
2
2
4
2
1
1
2
2
3
3
2
5
1
0
3
3
6
1
3
2
2
2
0
2
2
2
3
1
1
2
2
1
2
3
3
2
1
2
3
3
1
1
7
2
1
4
0
2
1
1
6
0
3
4
3
0
1
3
1
2
2
0
1
4
3
2
0
4
2
1
0
5
0
2
2
3
0
3
2
6
1
3
1
3
5
3
2
4
3
5
1
1
1
2
1
3
2
2
4
3
2
3
0
2
1
5
4
1
3
1
2
2
5
2
1
5
3
5
0
3
2
2
1
1
1
3
4
0
3
0
2
2
2
3
2
2
2
2
1
1
2
4
1
3
4
4
2
1
4
0
0
5
4
1
1
2
1
0
3
1
3
1
0
2
1
3
2
5
2
1
3
3
0
6
0
4
1
1
4
3
2
2
2
4
2
2
2
3
3
0
2
1
4
2
3
2
5
1
3
3
1
3
1
2
2
2
5
5
0
1
2
5
4
2
1
1
1
1
3
4
2
2
0
3
1
4
5
3
0
3
2
2
2
1
3
3
3
1
3
2
1
2
4
1
1
4
3
2
0
2
2
3
1
3
4
4
1
0
1
3
1
2
0
1
2
1
4
7
3
1
4
2
2
4
1
2
2
2
2
4
2
3
2
1
5
3
2
0
1
2
3
3
3
2
2
1
3
4
1
3
2
1
2
2
2
3
2
1
3
1
4
1
1
3
1
1
2
2
2
2
7
2
2
3
5
1
0
1
2
4
3
3
5
1
1
1
4
2
0
1
2
2
3
0
2
1
3
3
2
2
1
1
2
5
3
4
1
2
2
3
2
3
4
3
4
4
2
3
6
0
1
3
3
0
2
5
1
3
2
2
7
2
4
0
2
2
0
4
2
3
3
1
3
3
2
1
3
1
1
0
0
5
3
6
2
4
2
2
4
3
3
6
2
1
1
1
4
4
1
2
3
4
1
0
4
3
1
1
1
3
2
1
3
6
3
5
2
3
6
4
4
3
3
1
4
3
5
1
3
1
3
0
0
1
3
4
2
4
1
2
4
3
2
1
3
0
2
1
2
2
3
2
2
3
3
1
3
4
2
5
2
6
8
2
2
1
3
2
8
4
1
5
2
3
5
2
3
0
4
2
1
0
4
2
5
0
1
2
5
1
3
1
6
1
2
0
1
2
3
0
4
2
4
3
4
2
2
2
2
5
3
4
2
7
1
2
1
1
3
1
2
2
2
7
4
2
3
1
0
3
0
5
4
2
1
2
4
5
2
5
2
0
3
0
3
1
2
3
1
2
3
3
1
1
3
2
4
3
4
3
4
3
1
2
1
3
2
5
4
4
4
2
2
1
2
1
3
3
1
0
2
2
2
4
3
2
5
2
4
4
2
1
3
1
7
1
1
3
5
2
1
2
5
3
2
3
3
2
5
2
3
5
0
1
3
2
4
3
3
0
1
4
5
4
3
0
2
4
5
2
3
2
3
3
1
1
1
2
1
2
6
3
1
0
6
3
1
0
4
3
1
2
5
0
3
4
3
1
1
3
3
1
4
3
2
3
1
6
2
7
3
2
3
3
4
5
2
0
3
2
3
3
4
3
3
3
6
3
3
6
2
2
3
4
3
2
1
2
1
3
1
1
5
5
5
8
3
0
1
2
2
5
2
3
6
4
2
2
2
3
3
2
5
3
4
3
2
4
3
5
4
4
3
1
2
5
4
2
1
0
5
1
0
2
1
4
4
1
0
4
5
1
1
4
1
2
6
5
4
3
1
2
2
4
2
4
4
2
4
3
4
4
4
3
3
3
4
3
4
2
4
5
1
3
2
2
0
4
1
0
3
1
2
5
5
0
2
1
4
2
1
2
4
5
2
3
3
3
2
4
3
2
4
3
1
4
3
3
5
4
3
3
3
1
4
5
2
8
2
5
2
3
1
3
5
6
1
3
2
6
4
4
6
4
4
4
3
5
2
1
2
3
1
5
3
4
3
6
1
1
3
4
3
2
1
2
1
3
5
4
2
3
4
4
1
4
3
4
0
1
2
5
6
2
6
3
2
4
4
3
5
2
3
4
1
3
1
3
2
3
2
2
4
1
5
4
2
3
2
5
2
4
5
4
2
2
3
2
2
4
1
6
6
3
7
2
4
2
3
4
3
3
4
4
4
2
5
1
3
7
2
3
6
2
3
4
3
4
5
3
1
5
4
3
6
5
5
3
3
4
2
1
5
1
4
3
3
1
4
2
3
9
3
4
3
2
2
1
1
4
4
2
2
1
4
0
4
2
1
4
4
1
4
2
5
4
0
2
4
2
3
2
4
5
3
8
3
2
5
4
5
6
1
3
2
3
9
3
4
2
4
4
5
2
4
2
5
3
3
2
0
3
3
0
6
3
1
3
3
5
2
5
3
4
3
4
2
8
4
6
4
6
3
4
2
5
5
4
1
2
3
5
2
5
4
2
1
2
3
7
3
2
3
2
4
7
0
2
6
2
1
4
2
2
1
4
7
4
6
4
3
3
1
4
6
3
2
2
5
5
2
2
4
4
1
6
1
3
2
4
6
1
1
3
4
3
7
3
0
4
3
4
5
4
2
5
1
4
2
3
2
2
2
4
3
2
3
3
1
3
2
2
3
4
0
5
3
6
2
8
3
1
3
5
3
4
2
1
4
3
4
3
4
1
6
3
1
5
4
2
7
2
3
0
1
2
6
4
3
3
4
3
6
6
1
7
4
4
6
7
1
1
3
3
3
1
8
5
5
2
5
3
3
3
2
6
0
2
3
5
2
3
4
6
3
2
0
1
2
3
1
4
5
2
3
3
1
6
3
1
2
6
3
4
5
3
8
3
3
5
5
4
3
1
4
4
2
2
2
6
8
2
4
5
2
3
5
2
4
5
2
4
6
4
3
0
6
5
1
4
3
4
5
5
5
2
5
1
6
6
6
6
4
7
3
5
6
2
2
4
0
4
3
4
5
5
3
4
3
4
3
4
4
2
4
6
1
1
3
1
3
5
1
4
5
3
0
2
2
1
2
2
3
2
5
3
2
2
3
0
8
1
3
6
2
4
5
5
2
2
2
2
1
3
2
6
2
2
4
9
3
4
7
10
7
7
4
5
2
5
3
5
2
5
6
1
4
5
3
4
6
6
2
5
6
5
5
2
4
3
2
4
4
3
7
4
4
4
5
2
2
5
4
3
4
2
4
5
5
7
6
6
4
1
4
4
3
4
3
3
6
3
1
3
2
3
2
7
5
4
5
2
2
1
3
5
1
4
1
7
7
4
6
5
9
2
5
1
2
2
4
3
2
5
3
2
1
2
4
5
6
10
3
0
8
3
5
4
3
2
4
0
6
2
5
5
1
2
4
2
3
6
2
10
5
3
3
4
10
7
6
4
6
3
5
2
7
4
2
6
3
6
5
5
6
6
4
5
6
3
5
6
9
9
9
5
1
4
3
5
3
6
4
0
3
1
4
5
2
3
4
6
5
4
3
2
4
6
4
7
1
3
4
4
2
3
5
3
4
3
6
3
2
4
5
7
5
5
2
2
4
0
4
4
2
2
3
1
5
5
2
4
6
4
3
3
5
3
6
1
4
4
6
3
4
3
3
5
6
5
0
1
6
5
5
4
7
4
5
5
3
6
6
7
2
3
7
5
6
2
11
5
6
3
8
2
2
2
5
9
4
4
5
3
5
1
5
4
5
6
8
2
8
4
4
6
6
4
5
4
2
4
4
7
2
4
8
6
5
7
3
5
3
3
4
2
4
4
5
4
2
4
4
2
4
3
1
5
3
3
3
5
1
8
6
3
2
8
4
2
2
5
9
10
5
4
3
6
5
2
7
1
7
3
3
4
10
5
7
5
4
6
7
9
6
5
4
5
3
2
5
4
4
3
4
0
0
2
5
7
3
2
4
4
4
2
1
7
10
4
3
5
9
6
2
6
2
1
2
7
5
7
3
3
3
5
1
5
3
10
4
7
5
2
8
9
6
2
5
8
8
6
6
3
2
6
7
3
4
5
3
5
5
4
8
4
6
3
3
1
2
6
4
2
6
2
5
5
5
6
2
8
8
5
3
5
4
3
7
5
5
7
7
4
3
4
6
4
3
2
4
1
7
4
3
5
4
3
4
7
9
5
4
7
2
9
4
5
5
8
5
4
6
5
6
1
3
5
3
2
3
9
1
2
8
4
3
5
6
5
12
8
3
3
4
3
5
4
10
4
4
2
4
7
3
2
3
10
7
8
8
7
5
6
3
3
5
6
5
4
2
6
7
3
7
3
5
6
4
4
4
5
7
5
7
5
5
3
5
3
6
2
5
5
9
5
8
5
3
1
5
3
7
5
5
3
6
6
6
5
3
2
2
4
4
2
4
3
3
4
5
1
7
3
5
6
2
6
1
5
4
6
6
2
5
4
2
6
8
6
2
7
5
4
4
4
3
5
7
13
8
2
5
3
1
1
6
3
5
5
2
9
8
3
3
4
1
3
3
5
4
2
7
3
8
2
4
7
1
7
7
4
0
1
4
8
3
5
1
3
5
3
8
7
4
7
8
3
7
8
6
3
6
6
6
3
3
3
2
4
8
6
8
6
3
4
6
3
5
9
9
5
3
4
5
5
6
5
3
6
5
4
4
2
6
6
5
5
6
6
4
3
3
11
10
7
4
8
6
2
4
5
7
5
4
4
3
8
2
9
5
5
3
5
4
3
9
4
7
10
4
7
7
8
5
6
8
8
7
3
8
2
6
10
8
3
8
7
3
8
7
7
3
4
9
0
4
7
1
5
2
5
5
8
5
5
3
5
5
8
4
6
2
9
8
10
7
8
6
8
7
7
3
11
2
5
5
10
8
7
5
3
5
6
6
5
7
4
8
7
6
5
7
7
8
5
6
11
7
4
5
6
3
5
1
4
7
6
2
10
8
3
2
7
6
8
3
3
5
5
6
5
2
3
1
7
4
5
11
6
6
2
12
3
7
5
10
6
3
6
7
8
4
9
2
6
3
3
7
5
3
5
6
6
4
4
7
9
5
4
3
2
8
9
3
7
4
6
7
6
7
6
6
6
7
5
1
7
12
13
7
5
7
6
9
2
8
8
5
4
5
7
6
4
5
5
5
4
4
4
11
4
4
8
7
11
7
4
8
5
4
7
7
2
5
7
4
7
4
2
6
7
6
9
4
4
4
12
2
12
5
9
4
4
11
6
3
4
3
3
6
9
9
4
11
7
4
2
10
4
3
2
8
10
6
6
5
2
12
5
8
6
5
3
6
2
3
6
5
7
9
7
8
8
6
11
4
17
4
7
5
10
9
5
5
5
7
5
5
4
12
7
7
5
4
12
3
8
6
5
3
3
3
6
6
8
6
8
5
2
4
6
2
4
6
4
8
5
4
6
6
5
7
7
7
9
7
3
5
5
9
4
4
6
7
6
7
4
10
4
6
6
7
10
5
10
4
6
6
4
3
2
5
8
6
9
6
5
13
7
6
3
6
7
7
8
5
7
12
4
4
4
4
4
7
7
11
10
9
11
5
6
11
8
6
10
8
10
7
9
5
8
5
5
10
4
12
5
5
3
9
4
4
5
9
2
10
3
7
3
12
8
7
4
7
10
7
6
7
5
10
6
9
8
6
3
5
9
5
4
4
7
5
11
5
5
5
11
6
2
4
4
6
3
5
6
4
5
1
7
6
7
10
3
12
5
7
1
12
7
1
6
5
13
9
3
9
4
7
8
10
4
6
11
6
8
4
4
5
8
9
9
6
7
3
2
9
6
7
7
4
6
10
10
9
11
5
10
5
5
5
5
7
10
8
8
4
6
3
7
5
12
7
7
6
6
7
8
6
7
12
9
8
1
9
9
7
7
8
10
9
2
9
12
8
7
12
6
4
8
7
7
5
11
4
11
7
6
5
6
3
11
7
15
5
6
5
5
5
14
12
7
7
5
4
6
4
7
4
7
10
4
7
7
7
6
6
10
7
9
5
11
8
5
4
10
4
11
13
7
11
5
7
10
3
7
6
13
7
6
6
11
6
6
9
10
9
3
2
14
5
5
8
6
7
7
6
9
7
8
9
2
9
6
8
7
6
7
18
4
1
7
13
11
5
6
7
2
4
12
8
9
4
5
8
13
7
5
7
5
12
5
6
12
8
6
10
14
7
5
11
6
6
5
11
9
8
8
13
11
7
7
4
6
12
6
9
5
6
4
10
8
5
7
12
9
10
6
7
11
2
3
7
11
8
11
8
9
7
8
7
7
9
7
9
5
6
11
5
8
7
9
6
7
12
8
6
10
7
8
11
8
5
7
7
7
8
7
7
7
8
8
8
6
6
9
12
11
9
6
9
4
11
4
3
11
12
9
4
8
9
7
9
14
12
5
10
10
2
5
10
5
8
13
9
7
6
8
11
6
9
8
3
4
11
16
18
8
8
7
9
15
8
6
7
7
4
6
11
3
9
13
6
14
8
10
10
9
7
13
10
9
11
6
11
3
9
5
14
8
9
8
4
8
9
5
12
12
4
13
5
6
6
7
9
8
15
5
7
10
9
11
5
12
9
9
13
6
11
11
6
4
2
6
10
15
4
6
7
12
7
10
5
8
15
10
9
10
4
12
8
8
3
4
5
11
9
12
5
13
7
10
8
4
15
6
6
9
10
5
12
12
9
13
8
3
7
8
8
3
7
11
6
11
6
8
13
8
5
11
11
9
7
5
6
6
13
8
6
9
8
7
6
7
13
11
6
7
10
14
10
9
4
9
5
4
13
7
11
11
6
8
11
9
4
13
4
11
11
8
10
9
7
12
6
9
8
14
9
9
6
7
13
11
5
6
5
7
8
15
5
6
8
11
17
8
12
12
9
7
6
7
14
3
10
11
7
9
8
20
14
9
7
12
2
6
4
12
7
9
8
4
7
13
12
5
6
12
6
9
14
9
8
9
9
8
14
12
14
8
8
9
11
9
7
9
6
7
10
10
9
8
6
11
6
4
5
12
7
7
15
10
6
11
6
9
12
8
8
8
9
6
8
9
10
6
8
10
11
10
8
12
10
10
6
9
14
6
7
8
8
8
8
5
14
12
11
12
10
12
9
6
12
10
10
11
12
7
5
5
9
8
3
5
14
12
14
7
8
11
10
8
7
9
11
11
5
10
6
7
11
9
7
7
9
5
11
14
10
9
9
17
6
9
10
11
5
7
3
7
11
9
4
7
6
9
14
6
10
9
9
6
11
9
10
15
11
7
6
9
9
13
15
8
6
11
12
9
11
9
9
8
10
11
13
5
11
19
8
12
7
9
17
12
13
12
7
5
8
21
7
8
6
6
13
1
10
13
8
9
17
10
8
11
4
10
8
13
9
7
8
11
8
15
7
9
5
17
9
16
10
10
9
13
10
7
5
12
7
14
8
8
6
6
8
11
14
4
7
15
7
11
9
9
6
12
10
10
6
12
9
9
12
6
8
6
9
8
10
17
10
9
7
17
10
13
10
9
6
3
9
11
9
2
10
7
13
5
10
9
10
8
8
15
9
8
12
9
12
11
6
14
13
9
7
13
9
12
9
17
8
7
4
9
8
13
8
7
7
22
5
14
16
17
7
12
5
8
8
4
11
10
9
7
11
11
10
12
17
14
8
14
10
9
6
14
19
7
12
15
13
10
8
12
13
10
8
3
12
7
19
10
8
10
10
12
12
9
12
11
7
7
18
5
6
9
4
9
10
13
8
11
9
13
13
8
7
9
6
8
8
10
10
11
15
13
13
12
16
7
10
9
8
15
12
14
10
7
9
21
7
13
6
8
12
10
7
10
7
15
9
12
8
4
13
11
8
8
9
12
7
6
14
2
8
9
21
15
20
7
9
10
11
7
12
13
8
9
8
14
18
12
16
8
5
3
9
13
11
6
10
10
12
16
20
8
11
15
18
10
14
6
10
14
13
16
8
16
8
12
5
5
7
12
12
10
10
13
5
9
14
12
11
11
11
9
9
11
9
7
19
4
3
21
6
15
16
3
14
13
15
7
6
8
10
9
6
12
13
17
9
14
11
5
10
5
17
7
13
8
9
16
10
13
10
4
9
14
5
11
13
10
7
12
13
7
11
12
12
10
11
12
11
7
7
3
11
13
13
17
14
12
20
12
14
6
13
10
14
11
12
13
13
15
12
16
8
10
17
18
18
19
6
18
7
12
13
13
5
11
12
20
11
18
11
9
20
7
6
11
15
10
9
12
11
16
22
20
7
16
11
16
15
14
11
9
12
11
17
11
15
16
15
17
11
8
5
11
20
7
16
13
16
13
5
3
12
18
13
6
13
6
11
14
17
11
15
14
17
8
15
6
14
18
9
16
10
6
12
10
12
12
6
13
13
14
14
12
13
13
9
11
6
8
17
16
13
14
16
11
6
16
19
10
10
11
11
27
12
7
10
16
13
10
10
20
18
9
14
16
15
17
12
9
4
13
8
14
15
6
13
11
7
18
8
12
6
6
15
11
13
15
13
13
9
11
12
11
12
10
13
18
14
25
11
5
10
16
18
17
8
12
15
13
14
10
7
16
13
5
11
9
12
14
13
13
6
12
17
11
18
13
8
16
14
10
16
8
12
12
24
14
11
21
10
10
9
9
5
16
10
15
17
16
8
19
11
18
12
8
10
8
17
15
9
14
12
19
16
16
13
11
14
17
11
15
7
7
14
12
9
16
16
15
12
18
22
10
11
11
12
15
14
18
16
11
12
16
12
21
10
17
10
10
17
5
7
16
15
12
14
7
20
21
10
18
14
3
17
13
15
13
15
15
17
14
17
15
11
16
4
16
14
9
10
15
16
13
14
13
4
13
10
13
16
15
22
24
19
17
10
10
16
15
10
16
9
18
15
12
10
10
13
10
16
7
12
14
13
7
24
20
17
10
10
9
10
16
15
16
15
17
10
12
12
12
13
18
17
11
28
18
11
9
10
12
11
11
16
10
15
14
13
13
22
21
9
13
15
15
18
18
17
10
11
10
6
9
19
9
17
12
11
13
28
11
13
8
9
17
15
10
11
27
14
12
7
9
21
13
9
15
11
13
17
12
12
17
24
14
17
19
11
12
10
16
17
12
22
17
14
17
19
18
19
13
5
10
14
23
19
21
20
8
11
8
11
13
13
16
26
19
16
14
9
11
11
8
14
20
12
11
6
16
8
21
8
9
20
10
25
16
13
12
24
14
8
10
24
19
9
18
10
23
12
23
17
16
19
10
18
14
12
16
24
22
12
18
6
15
16
23
18
16
7
13
4
13
19
12
19
17
23
14
10
13
17
16
22
15
13
17
21
14
14
11
17
19
15
17
8
15
11
20
19
7
18
18
10
18
15
22
11
27
12
12
12
13
16
18
11
17
14
17
23
15
12
13
14
27
14
11
26
12
15
23
15
21
23
20
20
16
19
19
12
19
22
14
16
19
6
28
22
26
18
19
16
22
20
15
20
23
19
16
11
18
18
19
14
16
7
17
19
18
17
6
15
20
13
20
11
16
23
12
16
14
10
11
14
17
15
15
15
21
16
23
23
13
23
15
26
28
22
18
14
23
12
11
9
16
26
17
11
29
12
18
17
21
15
25
7
28
14
18
19
15
19
27
21
20
19
18
25
20
16
38
14
24
20
12
13
17
9
24
20
20
28
14
15
11
19
30
10
19
17
33
26
22
9
12
16
20
25
22
17
20
25
21
11
21
11
20
18
23
20
22
23
21
20
16
25
21
23
24
13
22
15
20
28
25
19
22
14
20
24
24
19
11
13
12
13
18
20
8
19
11
25
16
26
16
15
23
28
11
27
25
17
18
22
25
12
13
15
9
15
23
16
23
20
32
24
21
32
28
18
19
15
29
18
22
18
22
19
14
16
16
15
15
12
25
24
34
20
17
14
36
18
16
29
29
22
23
29
15
19
35
25
15
19
20
24
18
24
26
30
20
20
20
24
20
10
22
12
26
16
18
17
21
38
29
14
14
19
24
17
23
26
19
20
15
11
17
21
10
15
17
32
23
21
12
5
27
24
15
29
9
17
23
17
35
27
21
16
35
25
24
22
15
13
15
10
15
24
25
19
17
19
5
17
24
18
16
18
21
12
17
11
20
17
13
9
18
24
31
21
17
19
30
18
26
19
28
16
17
27
14
17
22
20
15
28
22
12
18
18
23
24
19
21
28
22
24
25
16
25
19
28
11
25
25
12
29
24
24
13
18
25
12
14
35
20
35
40
14
29
21
29
24
17
22
20
17
21
27
17
20
29
38
20
25
22
21
30
22
21
26
24
25
23
19
18
37
34
24
35
17
17
37
16
24
21
21
23
24
21
31
22
18
24
27
21
17
23
20
20
28
22
20
15
20
21
22
24
19
28
33
19
24
18
23
29
20
23
19
15
18
11
20
12
24
16
18
21
25
16
12
28
14
27
10
16
23
17
28
24
18
25
19
24
23
33
13
15
32
14
36
14
18
14
28
15
24
22
29
8
43
21
21
37
25
28
18
27
22
34
29
35
24
21
32
18
22
19
19
24
23
26
29
20
23
23
18
19
22
21
19
27
34
20
33
22
39
29
21
10
19
30
29
19
20
13
36
39
37
29
22
20
26
35
15
35
17
25
30
19
22
19
29
31
20
32
26
19
25
21
22
11
18
30
23
26
27
27
16
27
20
22
34
17
34
37
36
18
22
24
33
17
31
31
21
21
29
31
18
10
24
21
26
38
15
14
13
16
17
21
29
22
21
21
29
15
44
19
34
24
26
34
21
27
28
47
30
16
31
13
34
24
28
20
20
25
36
11
12
29
27
30
24
19
35
30
37
23
19
44
36
29
43
7
20
21
25
34
28
34
33
22
26
24
25
21
25
19
28
40
27
21
25
22
27
13
32
21
22
23
19
24
33
34
27
19
19
19
25
16
19
31
27
18
24
26
27
30
21
38
25
18
27
26
30
25
44
38
36
22
21
33
28
33
34
27
27
14
24
47
21
33
22
23
26
30
18
33
15
28
30
35
25
32
30
23
22
35
25
30
32
27
24
28
24
31
23
20
21
19
26
22
19
16
34
26
30
20
33
15
25
29
26
33
34
40
20
30
18
24
22
38
23
26
26
24
40
26
23
38
36
38
31
25
24
26
20
28
11
20
49
33
36
28
30
24
30
15
26
23
20
22
18
26
23
30
31
22
27
24
19
30
30
13
26
19
23
40
21
30
27
23
26
42
27
31
35
17
28
31
24
30
27
35
36
35
23
19
28
13
12
24
21
32
23
22
29
35
27
25
24
21
22
34
24
26
33
33
21
32
24
22
38
27
34
28
26
31
19
25
16
22
21
15
36
26
18
19
36
24
23
34
26
13
22
28
18
33
28
25
17
23
34
16
22
20
37
24
24
15
18
41
24
28
15
23
18
26
35
17
31
27
40
18
24
43
21
22
30
25
28
37
46
21
34
33
37
28
37
29
20
29
31
30
21
25
26
26
27
35
34
12
28
23
29
39
21
27
28
44
22
31
27
39
34
30
31
27
26
14
29
53
25
33
23
22
33
40
49
43
34
32
23
34
27
19
23
20
29
33
36
36
36
33
27
29
32
16
54
31
30
19
32
34
39
43
30
23
50
21
41
37
21
24
27
30
24
24
34
35
21
22
20
27
29
30
24
25
43
26
15
23
43
25
29
33
30
21
42
23
27
25
17
21
42
35
26
38
39
20
20
42
41
21
35
30
16
24
34
44
20
27
25
32
29
44
33
38
20
32
36
21
42
33
31
46
27
41
32
32
38
28
32
28
11
39
38
27
57
16
39
43
28
37
43
20
35
31
55
