0
0
0
0
0
0
0
0
0
0
0
0
0
0
0
0
0
0
0
0
0
0
0
0
0
0
0
0
0
0
0
0
0
0
0
0
0
0
0
0
0
0
0
0
0
0
0
0
0
0
0
0
0
0
0
0
0
0
0
0
0
0
0
0
0
0
0
0
0
0
0
0
0
0
0
0
0
0
0
0
0
0
0
0
0
0
0
0
0
0
0
0
0
0
0
0
0
0
0
0
0
0
0
0
0
0
0
0
0
0
0
0
0
0
0
0
0
0
0
0
0
0
0
0
0
0
0
0
0
0
0
0
0
0
0
0
0
0
0
0
0
0
0
0
0
0
0
0
0
0
0
0
0
0
0
0
0
0
0
0
0
0
0
0
0
0
0
0
0
0
0
0
0
0
0
0
0
0
0
0
0
0
0
0
0
0
0
0
0
0
0
0
0
0
0
0
0
0
0
0
0
0
0
0
0
0
0
0
0
0
0
0
0
0
0
0
0
0
0
0
0
0
0
0
0
0
0
0
0
0
0
0
0
0
0
0
0
0
0
0
0
0
0
0
0
0
0
0
0
0
0
0
0
0
0
0
0
0
0
0
0
0
0
0
0
0
0
0
0
0
0
0
0
0
0
0
0
0
0
0
0
0
0
0
0
0
0
0
0
0
0
0
0
0
0
0
0
0
0
0
0
0
0
0
0
0
0
0
0
0
0
0
0
0
0
0
0
0
0
0
0
0
0
0
0
0
0
0
0
0
0
0
0
0
0
0
0
0
0
0
0
0
0
0
0
0
0
0
0
0
0
0
0
0
0
0
0
0
0
0
0
0
0
0
0
0
0
0
0
0
0
0
0
0
0
0
0
0
0
0
0
0
0
0
0
0
0
0
0
0
0
0
0
0
0
0
0
0
0
0
0
0
0
0
0
0
0
0
0
0
0
0
0
0
0
0
0
0
0
0
0
0
0
0
0
0
0
0
0
0
0
0
0
0
0
0
0
0
0
0
0
0
0
0
0
0
0
0
0
0
0
0
0
0
0
0
0
0
0
0
0
0
0
0
0
0
0
0
0
0
0
0
0
0
0
0
0
0
0
0
0
0
0
0
0
0
0
0
0
0
0
0
0
0
0
0
0
0
0
0
0
0
0
0
0
0
0
0
0
0
0
0
0
0
0
0
0
0
0
0
0
0
0
0
0
0
0
0
0
0
0
0
0
0
0
0
0
0
0
0
0
0
0
0
0
0
0
0
0
0
0
0
0
0
0
0
0
0
0
0
0
0
0
0
0
0
0
0
0
0
0
0
0
0
0
0
0
0
0
0
0
0
0
0
0
0
0
0
0
0
0
0
0
0
0
0
0
0
0
0
0
0
0
0
0
0
0
0
0
0
0
0
0
0
0
0
0
0
0
0
0
0
0
0
0
0
0
0
0
0
0
0
0
0
0
0
0
0
0
0
0
0
0
2
0
0
0
0
0
0
0
0
0
0
0
0
0
0
1
0
0
0
0
0
0
0
0
0
0
1
0
0
0
0
1
0
0
0
1
0
0
0
0
0
0
0
0
2
0
0
0
0
0
0
0
0
0
1
0
0
0
0
1
0
0
0
1
0
0
1
0
0
0
0
0
0
0
0
0
0
0
0
1
0
0
0
0
0
0
1
0
0
1
0
0
0
1
1
0
1
1
0
0
1
1
1
0
0
0
0
1
1
0
1
0
0
0
0
1
1
0
1
0
0
1
0
3
1
1
0
0
4
0
1
1
0
1
0
0
0
0
0
1
0
1
0
1
0
1
1
1
0
1
0
1
0
1
1
6
2
1
1
0
0
6
2
0
1
4
0
1
1
2
1
3
1
5
2
3
2
0
0
2
2
0
2
6
0
4
2
0
2
2
1
2
4
3
4
1
3
4
3
4
2
1
6
1
4
0
1
2
3
0
5
4
3
5
2
0
3
2
1
5
1
2
5
2
2
0
2
3
1
3
4
2
2
0
1
6
2
3
1
4
1
2
3
5
5
3
2
3
4
5
0
2
6
6
3
2
4
5
3
3
2
3
7
3
8
4
3
4
6
1
6
3
3
5
5
3
4
1
4
4
5
2
3
1
4
3
2
5
3
6
8
3
3
6
7
4
6
1
3
8
5
3
9
8
4
3
2
1
4
5
2
6
4
5
5
5
6
7
2
6
6
4
6
8
6
4
2
5
1
4
4
4
11
3
4
4
2
5
0
5
4
3
7
7
9
7
5
4
7
8
6
10
4
3
8
3
7
3
6
8
6
7
5
11
4
9
5
7
4
10
8
8
6
9
7
8
4
10
6
4
6
5
4
4
9
5
11
2
5
4
4
6
5
2
3
10
7
10
7
8
5
4
10
0
11
8
9
4
12
6
4
2
11
5
8
5
9
7
12
5
7
7
6
9
8
9
7
5
9
10
10
14
3
6
13
5
8
8
14
6
11
7
10
5
7
10
7
11
9
11
10
4
8
9
6
12
6
12
9
6
9
4
14
9
9
7
12
9
8
19
9
10
8
11
9
13
7
9
7
7
4
10
13
11
7
12
12
5
13
5
9
6
9
9
8
10
7
12
5
8
10
7
9
7
8
11
9
10
10
16
11
6
15
7
7
9
12
13
10
10
12
11
11
11
12
14
6
7
8
12
11
8
9
7
16
8
10
19
9
10
10
6
4
10
11
7
8
5
15
6
8
11
8
14
12
10
12
9
13
14
16
9
11
6
21
7
10
13
12
9
10
8
12
9
15
10
16
14
17
12
18
18
10
9
7
18
13
9
11
19
11
15
14
18
14
13
12
14
12
5
9
9
10
11
10
16
21
11
16
15
10
10
15
16
13
11
15
14
12
8
14
9
17
25
17
9
3
11
12
7
13
20
10
11
12
13
16
13
8
15
14
17
7
8
17
15
12
22
23
15
11
15
10
13
22
10
13
13
14
11
20
13
11
18
12
13
21
16
11
14
10
17
18
13
23
12
12
6
17
21
14
16
13
16
31
16
8
13
14
15
22
12
14
16
10
17
11
18
17
20
15
22
15
17
14
20
13
14
17
20
16
21
20
16
19
16
20
12
13
20
16
21
18
24
12
19
18
7
12
16
25
15
21
21
20
11
14
23
17
25
19
18
13
19
10
16
17
15
21
23
19
17
15
32
22
15
15
22
13
24
17
23
24
18
22
16
17
16
16
22
22
31
25
14
15
14
15
19
14
16
31
17
20
24
15
16
21
21
24
26
15
19
25
26
22
20
20
23
25
27
20
15
16
14
22
27
31
27
16
25
24
19
30
19
16
21
30
35
26
14
20
20
23
19
17
16
28
22
12
18
10
24
28
24
24
18
17
28
21
23
22
31
17
18
20
21
25
14
32
9
24
21
20
33
18
12
21
19
14
18
22
26
20
19
33
24
14
20
16
31
17
23
30
13
17
27
13
34
22
19
21
17
19
20
25
31
14
22
22
21
30
21
19
30
32
14
25
27
20
21
18
21
21
25
29
25
28
39
17
25
28
33
29
43
26
20
23
27
17
23
32
28
24
20
18
19
25
22
16
31
27
18
35
33
33
15
15
23
23
35
29
29
25
26
34
39
27
21
26
25
27
18
27
23
21
33
26
21
31
26
27
30
35
27
24
22
25
27
37
38
23
26
22
24
34
25
40
18
28
34
28
24
20
26
36
21
35
21
21
22
30
32
25
30
38
28
37
43
44
33
37
25
31
25
36
37
25
35
32
34
32
21
33
28
36
49
19
30
23
52
36
28
21
26
35
41
34
28
30
26
60
37
24
36
26
28
22
35
38
40
46
26
37
45
47
32
37
33
31
24
30
31
27
24
52
36
25
28
25
47
36
31
33
37
43
35
35
55
35
48
32
34
35
42
33
18
47
30
44
48
37
37
44
57
44
46
45
34
27
33
34
26
41
19
32
29
44
42
26
51
55
48
43
46
29
50
39
39
50
46
40
44
51
37
40
42
26
31
45
25
42
27
50
27
49
47
33
28
51
61
50
36
45
36
51
36
39
64
30
51
42
44
54
43
58
61
42
55
39
44
26
66
49
50
60
41
61
50
60
52
66
45
72
43
57
47
48
56
55
42
45
46
33
73
51
43
47
54
62
39
55
42
52
43
52
81
53
43
38
72
67
71
59
42
54
51
59
36
43
63
52
47
49
41
69
51
59
57
57
49
48
73
56
48
40
56
52
70
69
70
93
65
85
49
56
72
49
79
61
62
58
64
65
70
80
49
83
59
57
40
75
72
40
66
46
60
71
69
43
93
46
68
57
78
73
56
62
45
63
51
67
61
64
66
58
81
58
49
100
57
59
49
63
76
83
73
77
74
70
60
85
74
93
87
87
72
77
80
58
90
71
76
66
61
85
113
70
58
79
61
90
68
106
60
66
79
77
90
54
80
86
78
93
89
85
97
72
86
97
83
75
115
79
66
86
53
70
108
102
72
87
97
80
97
89
46
89
75
56
91
67
132
105
79
104
89
65
118
96
82
80
119
77
66
115
88
89
114
104
85
71
90
66
102
105
92
52
82
80
114
110
101
90
116
83
91
92
60
96
104
90
138
92
88
85
87
144
53
114
119
117
84
111
104
119
102
136
94
80
95
111
130
88
110
139
106
130
114
96
86
99
179
86
118
100
84
131
122
111
116
87
128
137
120
100
161
121
128
93
135
140
133
135
115
102
107
115
124
122
120
99
205
143
93
129
134
150
141
148
150
143
142
134
144
127
180
162
193
109
148
144
222
112
151
168
149
118
191
112
114
188
148
136
186
128
114
132
222
177
107
113
137
124
151
156
156
170
196
161
252
136
225
187
168
86
149
123
130
143
143
131
149
178
159
169
163
182
171
180
221
135
198
184
219
244
126
257
136
151
188
215
230
223
287
190
179
197
213
208
244
238
314
240
163
274
279
265
192
169
276
228
225
264
286
207
254
338
205
163
395
226
313
181
325
289
213
217
239
391
252
197
282
280
312
336
313
331
378
327
316
373
263
353
506
231
259
306
456
261
211
306
265
179
197
336
342
377
286
248
270
263
299
212
396
368
367
343
328
306
315
363
326
288
262
457
396
332
257
280
420
435
324
551
367
274
690
407
267
268
481
273
324
341
326
350
293
395
314
428
292
290
480
441
248
352
312
419
395
372
340
174
401
491
259
401
412
293
401
324
277
385
639
492
379
482
276
346
381
383
454
421
433
633
586
436
575
595
540
642
419
725
450
530
697
408
515
488
422
778
665
798
521
409
238
776
624
383
575
602
701
374
500
505
665
377
376
367
332
297
534
375
468
519
350
328
377
487
328
323
383
362
357
206
440
351
262
392
499
177
272
493
423
328
343
290
347
406
379
234
407
299
309
252
165
339
450
386
156
544
326
406
430
408
230
418
297
491
336
478
234
322
383
257
311
189
305
291
218
328
247
254
259
229
420
182
278
300
263
312
350
281
221
171
296
177
266
199
332
252
313
185
309
189
249
169
265
287
145
227
247
204
271
179
349
167
444
184
198
454
230
179
197
185
237
249
210
272
214
265
198
303
457
96
156
139
154
161
159
250
214
89
208
127
70
117
177
182
129
112
165
72
85
98
78
112
180
89
138
212
91
155
87
147
80
82
72
44
138
100
60
70
81
50
66
92
109
74
91
172
68
121
113
86
60
61
67
116
59
77
85
53
48
65
65
63
58
80
44
51
45
65
51
53
46
91
66
63
45
74
54
57
52
76
51
53
47
36
54
43
45
55
114
47
53
47
43
56
34
38
43
41
41
41
42
43
42
46
39
31
39
40
33
46
52
31
32
37
35
33
32
35
24
39
36
38
30
27
32
42
33
29
27
27
34
30
32
36
26
28
25
28
25
30
30
27
24
24
26
29
26
25
24
21
25
23
22
23
27
29
23
35
33
34
27
24
30
19
32
25
30
18
28
22
26
25
24
21
22
21
17
24
23
23
26
24
22
27
22
24
19
23
26
17
24
20
14
23
25
21
22
24
20
20
28
23
22
24
16
13
18
13
18
15
19
19
19
22
13
22
19
20
18
17
15
16
13
18
12
22
10
16
28
16
18
18
10
18
13
15
13
13
17
21
13
16
10
16
15
8
12
15
13
15
11
8
6
10
12
11
15
14
14
13
10
11
12
11
11
12
14
8
11
9
16
7
14
11
12
12
9
16
13
12
12
9
11
12
9
14
15
9
12
12
9
9
10
9
15
14
13
11
10
8
7
9
7
7
11
12
6
10
8
7
11
15
9
13
12
11
5
9
10
12
4
12
9
5
4
10
11
8
5
6
8
6
2
8
7
5
11
5
7
11
6
5
8
6
3
5
9
10
10
5
7
6
8
11
10
5
7
8
8
9
9
10
9
5
7
4
8
7
4
7
5
4
4
5
6
5
8
5
9
2
3
4
4
5
6
5
5
7
6
3
4
8
7
6
10
7
6
4
3
4
5
7
5
9
4
4
5
7
3
4
4
3
6
9
5
8
7
7
5
3
8
5
9
5
6
6
6
8
6
8
7
8
5
5
5
3
7
5
4
5
4
8
2
8
9
7
7
7
4
4
3
4
5
3
2
4
5
3
9
3
5
2
7
7
6
4
11
5
5
1
4
6
5
3
8
4
4
4
5
3
5
6
2
4
9
6
5
10
2
4
2
7
6
6
4
4
5
6
5
4
0
10
3
6
6
7
3
7
1
5
6
4
4
3
6
2
4
8
3
4
2
6
2
1
5
2
8
4
3
3
3
4
3
7
4
2
7
3
4
4
8
5
2
2
5
1
3
5
6
0
4
5
5
2
2
4
2
5
3
4
7
5
5
2
3
6
4
3
4
6
3
5
2
2
4
3
4
4
2
6
2
4
5
1
4
3
5
3
2
3
2
4
5
4
5
3
4
4
4
6
3
1
7
3
5
6
7
2
2
9
8
2
5
3
0
3
2
3
0
3
4
3
2
2
2
3
5
3
4
1
2
5
6
4
2
2
6
2
7
3
9
6
2
5
3
1
6
4
1
1
5
2
2
2
3
2
3
1
4
0
5
0
1
0
3
4
6
1
3
4
2
4
4
6
7
4
0
3
7
3
7
2
0
1
3
5
5
2
1
4
2
4
2
5
0
6
6
0
5
0
2
5
2
7
2
2
4
6
4
2
5
5
6
2
5
4
2
7
5
3
4
1
5
6
1
2
5
1
4
3
1
3
2
7
3
3
5
2
3
5
2
4
4
3
4
3
6
2
3
4
3
5
4
2
3
5
5
2
0
2
1
6
2
5
2
1
5
1
1
4
4
2
2
4
4
2
2
2
4
2
1
2
3
5
5
2
3
2
6
3
2
1
5
3
5
0
2
1
0
1
3
4
6
2
2
3
2
3
1
4
1
1
3
2
2
6
3
3
6
0
6
4
2
3
2
3
9
7
7
3
1
4
2
7
4
3
2
5
4
7
3
4
4
4
5
5
6
4
3
1
6
3
3
2
2
4
6
4
4
2
5
3
4
6
3
5
5
4
1
6
2
4
1
1
5
6
3
3
5
3
2
0
4
3
6
0
5
3
6
3
2
5
2
3
4
3
1
1
1
2
4
4
2
3
3
2
5
3
2
2
5
6
2
3
2
6
7
1
3
5
2
3
3
2
2
5
4
1
1
4
4
4
3
3
2
2
3
4
3
4
4
7
2
4
2
4
0
0
1
3
3
3
3
2
3
5
4
7
4
1
3
3
4
5
0
0
3
5
3
2
1
5
6
2
4
2
2
2
3
2
6
2
6
7
4
6
5
3
2
2
4
2
2
1
2
5
5
2
3
5
3
5
3
1
5
7
5
3
4
7
3
3
3
6
2
4
2
2
5
3
2
3
2
4
6
5
4
5
3
2
5
6
2
5
3
1
5
3
4
0
4
3
3
3
4
0
1
3
0
2
2
6
4
2
7
3
4
4
3
4
3
2
5
3
6
3
5
3
8
5
4
5
5
5
4
4
3
7
5
3
1
6
1
2
2
6
5
2
3
4
1
1
5
3
7
1
3
2
4
3
4
2
4
7
4
4
7
4
2
7
3
0
1
4
3
3
5
4
5
6
3
5
3
5
2
4
5
5
5
1
3
2
5
4
6
1
5
4
3
5
8
5
1
1
3
2
4
1
4
4
7
4
3
1
4
3
2
4
4
2
7
1
3
4
3
6
5
4
3
6
2
3
3
3
2
3
1
4
3
2
3
2
3
3
1
3
2
3
4
1
3
7
6
5
2
2
3
3
4
3
3
3
4
1
2
3
4
4
3
7
7
4
3
4
5
6
5
2
3
2
1
3
3
5
4
6
2
4
5
3
6
1
4
2
4
4
1
4
3
6
7
6
10
4
4
7
2
5
1
1
2
1
3
2
4
1
5
5
5
2
3
1
7
1
3
4
3
3
2
3
3
6
2
4
8
3
3
4
3
4
3
3
3
3
2
4
8
4
2
4
4
1
1
3
0
4
2
6
4
2
4
4
3
5
0
3
4
3
4
1
2
5
4
4
1
1
3
1
3
3
5
4
5
3
6
3
2
3
6
4
3
2
3
3
1
0
3
3
4
5
4
3
6
2
3
1
5
4
1
2
4
2
4
7
4
1
3
6
2
1
2
4
3
3
3
4
6
4
6
3
5
5
4
3
5
2
5
2
4
2
5
2
3
5
3
5
7
5
6
4
4
6
3
3
6
2
4
4
4
3
4
4
6
2
2
4
2
3
2
1
3
3
3
3
4
8
3
1
1
2
4
3
1
1
5
4
7
3
1
5
8
3
2
3
3
3
0
4
2
1
5
3
4
1
2
3
7
3
6
1
4
4
3
2
2
4
3
5
3
5
3
3
5
2
2
4
2
5
1
3
3
2
3
3
3
3
0
1
0
5
0
1
2
0
6
1
5
2
4
4
2
2
0
3
4
2
0
3
4
3
3
3
4
1
3
0
3
4
0
2
1
1
3
4
3
2
3
2
2
6
0
4
2
2
5
3
4
4
3
1
3
1
3
2
2
2
4
6
1
0
2
2
8
3
3
2
2
3
3
3
3
3
5
1
3
1
3
5
1
5
3
1
2
0
2
2
4
3
1
4
4
3
1
1
3
1
1
1
2
0
7
2
3
2
2
4
2
3
0
1
1
2
3
2
3
2
2
4
3
0
3
4
3
3
2
1
1
5
7
5
5
6
0
1
0
4
3
1
5
3
1
1
1
3
3
0
2
3
5
1
5
5
1
3
7
2
3
1
1
3
4
4
2
2
1
5
1
5
4
1
2
5
4
2
4
3
4
0
1
1
2
3
8
2
7
1
3
3
3
1
1
5
2
3
0
2
2
1
2
2
0
6
1
6
3
1
4
1
3
5
2
4
3
0
3
0
2
2
4
2
5
2
1
2
1
1
7
4
2
2
1
2
5
0
1
4
2
4
3
3
3
2
3
2
5
1
4
2
6
1
3
2
2
4
3
3
2
1
0
5
5
2
3
3
2
3
6
1
1
3
6
3
3
2
2
2
3
5
3
3
5
2
2
2
4
1
2
3
3
3
4
1
4
2
4
2
3
0
2
3
3
1
4
1
2
1
2
1
3
5
4
2
1
1
3
2
0
2
1
1
2
4
2
3
2
4
2
1
3
2
4
1
4
1
3
4
2
0
4
2
0
0
2
2
5
3
3
3
3
1
1
2
4
3
4
7
2
7
2
7
4
6
3
4
2
2
1
4
2
1
5
4
2
6
2
3
2
4
2
2
4
2
4
6
5
2
3
2
3
2
4
1
4
3
1
3
3
5
1
3
3
3
2
4
3
2
3
5
3
3
5
5
4
4
2
3
1
3
3
2
2
3
2
5
3
3
3
3
4
4
1
5
0
3
4
3
5
2
7
1
1
5
2
5
5
3
2
3
5
0
2
6
2
2
0
2
3
0
1
3
1
0
2
5
3
4
4
6
4
3
3
3
7
3
0
1
3
1
2
4
0
6
2
2
0
3
3
5
3
3
5
3
4
2
2
2
3
2
1
5
0
1
7
4
2
4
3
1
3
1
0
1
1
5
2
1
3
2
2
3
2
5
4
7
3
0
6
0
5
3
4
3
1
2
5
0
2
3
3
4
4
4
4
3
7
4
1
5
0
3
1
2
5
2
3
1
3
0
5
4
4
1
4
1
2
2
4
3
3
3
4
2
5
2
1
0
1
4
1
2
3
5
2
2
3
3
1
1
4
5
2
3
3
6
3
1
2
4
3
1
2
2
5
2
2
4
2
9
2
1
1
1
2
3
1
1
1
5
2
1
1
2
3
2
4
5
3
3
3
1
3
4
0
4
5
6
5
1
1
1
4
3
2
1
4
2
6
3
0
3
2
6
4
4
1
2
2
3
3
1
4
3
3
4
4
3
2
3
3
2
2
3
2
3
3
2
4
3
4
4
2
2
0
1
2
3
2
4
5
2
6
2
4
0
1
1
3
3
5
2
4
6
4
1
6
4
2
2
3
8
3
4
0
3
5
4
1
5
0
1
3
4
2
4
9
1
0
3
4
1
1
4
2
3
7
2
8
1
5
2
2
1
2
4
2
1
1
3
6
4
3
6
3
1
9
2
5
4
3
2
5
2
0
4
4
3
5
1
2
2
4
4
4
2
2
3
3
2
3
2
5
1
2
3
3
2
3
3
6
4
1
1
2
5
1
0
2
6
4
4
2
2
4
4
2
2
3
5
4
1
2
2
1
5
1
4
3
6
3
3
4
4
5
2
4
4
3
3
4
3
5
5
1
5
4
2
5
4
4
5
5
5
5
6
6
5
4
0
4
3
3
3
1
4
1
3
2
8
2
4
4
4
3
2
5
6
4
2
6
4
3
4
3
2
3
4
4
1
0
5
5
2
1
1
5
2
4
3
2
0
3
6
5
4
4
4
6
0
2
5
2
2
3
1
4
1
3
4
5
3
4
5
3
4
5
4
2
5
6
2
0
1
0
4
3
3
0
4
0
2
2
5
5
6
4
3
3
3
4
6
3
0
2
1
4
2
2
2
4
2
1
4
2
2
0
4
3
3
0
4
2
0
2
4
1
7
2
4
5
3
2
5
3
3
4
6
2
5
1
1
2
4
3
6
1
4
3
2
3
2
2
2
1
0
2
5
4
7
2
6
4
3
2
3
1
1
1
2
4
3
1
1
3
5
2
3
2
3
3
4
4
3
10
2
3
2
4
4
1
2
4
2
1
4
3
1
5
1
2
7
5
2
0
0
3
3
1
1
1
4
5
2
2
2
1
3
0
3
5
2
1
1
1
4
4
8
3
5
1
7
3
3
3
3
4
1
2
3
2
5
0
2
6
1
4
3
5
5
5
3
4
6
3
2
4
5
3
5
3
0
6
5
5
5
1
5
2
6
4
6
1
5
4
5
3
1
3
6
6
4
2
2
1
3
2
4
5
3
3
7
6
8
4
2
2
3
9
4
5
3
2
4
3
6
2
2
6
0
4
4
3
3
2
1
4
3
6
3
5
2
3
6
5
2
1
3
3
4
6
6
4
5
6
4
4
6
4
8
0
8
3
4
4
0
3
4
2
4
7
2
6
2
3
7
3
5
4
2
4
2
0
2
5
3
4
5
7
2
4
5
3
4
3
5
2
5
5
3
3
6
6
4
1
5
0
0
2
3
3
5
4
4
2
3
4
1
3
4
2
6
3
1
5
3
12
1
5
0
0
2
3
2
5
2
2
1
4
5
7
2
4
7
6
5
3
12
3
5
4
4
8
8
7
4
5
4
5
6
3
3
2
4
8
1
4
1
4
2
0
2
5
3
5
0
1
4
3
4
2
5
2
3
4
4
3
1
1
1
3
4
2
3
4
7
6
7
3
4
7
4
6
5
3
4
4
2
5
2
3
3
6
5
7
5
2
1
4
8
3
3
7
5
3
0
4
6
6
4
3
6
5
5
4
5
4
6
5
3
4
5
3
2
5
3
4
1
5
2
4
1
0
8
4
6
4
6
5
8
4
4
4
3
7
1
6
8
1
4
3
2
6
7
2
4
5
4
0
3
3
5
3
1
5
7
2
4
9
8
5
5
5
2
2
4
3
3
4
2
2
6
6
3
3
1
4
1
5
2
3
4
2
4
3
2
4
4
7
5
4
2
3
3
3
3
3
1
5
5
5
7
3
5
1
4
3
6
4
6
4
10
5
3
5
5
5
3
2
4
3
4
2
2
6
5
3
5
2
5
5
4
1
5
1
2
2
6
4
6
6
5
2
3
8
2
8
5
5
3
4
4
2
6
4
4
3
5
1
4
6
6
3
4
1
2
3
2
4
2
9
5
4
8
6
7
1
2
2
5
4
1
4
3
5
3
3
0
8
5
5
1
5
4
3
6
3
2
6
6
4
5
5
5
4
6
3
2
3
6
3
2
2
3
2
3
5
4
4
9
3
8
4
4
1
8
3
6
6
3
1
5
5
2
6
2
3
6
3
3
6
3
3
6
6
3
5
2
4
10
2
4
3
6
4
6
2
3
3
3
2
5
1
1
5
3
2
3
3
6
4
6
3
3
2
2
3
3
6
3
1
7
6
1
4
4
6
5
1
3
6
4
3
4
4
6
5
3
5
5
4
9
6
4
4
6
5
1
3
5
3
6
6
4
3
6
2
2
6
4
2
2
3
6
6
2
3
9
1
5
5
5
1
4
2
2
4
4
3
5
2
2
2
7
7
6
4
4
5
4
2
4
5
4
5
6
3
6
2
5
6
5
8
5
5
6
7
7
3
7
5
2
3
6
9
11
7
3
5
4
4
4
2
6
8
4
8
3
9
6
7
8
5
6
7
5
8
3
5
3
4
2
3
0
4
3
3
3
3
4
8
2
9
1
8
4
5
3
4
2
2
6
4
2
7
7
5
6
7
6
3
5
5
5
7
3
5
5
7
4
7
4
4
3
5
4
6
3
8
4
8
4
4
5
4
3
6
4
4
6
5
5
4
6
3
2
4
5
3
5
9
4
9
4
5
8
6
4
7
6
5
8
2
8
5
0
3
5
4
7
5
5
7
10
9
5
7
2
3
6
6
5
1
6
3
8
3
4
7
4
6
7
6
7
7
7
6
10
5
3
4
6
6
3
4
2
9
6
4
4
6
6
8
6
8
5
7
6
3
7
7
6
8
2
6
5
11
6
2
4
8
9
6
4
5
4
7
2
6
8
1
3
8
6
9
4
7
2
5
5
8
7
2
5
4
5
4
6
3
4
7
3
5
8
2
5
7
7
4
5
3
2
5
6
6
3
6
5
6
5
4
2
2
7
6
7
5
5
4
7
3
9
10
11
8
2
4
5
5
11
4
5
3
7
9
3
10
7
7
6
8
5
4
6
6
6
11
6
4
3
7
7
4
5
7
11
5
8
5
7
4
6
6
4
2
4
8
6
4
6
7
3
8
7
5
5
3
0
9
7
8
7
7
2
3
2
3
9
7
6
4
6
6
2
5
4
5
10
4
3
5
7
3
3
6
7
6
3
7
13
5
9
5
11
7
9
6
5
5
9
4
5
2
5
8
7
7
5
2
4
4
7
7
3
3
4
6
7
5
5
3
9
2
3
3
7
5
6
6
7
3
1
4
7
8
6
9
3
7
9
4
1
8
10
5
6
3
9
6
2
4
4
7
4
5
7
5
3
8
2
4
4
6
5
6
4
3
2
3
5
3
5
6
2
8
8
4
6
6
10
6
7
5
6
4
10
6
11
3
8
8
5
9
5
7
9
3
12
6
5
6
11
4
2
6
8
4
10
6
3
6
10
11
6
8
5
5
3
4
7
2
8
9
5
3
8
9
10
5
5
7
6
6
4
6
7
9
4
2
6
4
4
7
5
5
5
2
6
4
2
5
3
11
5
12
5
3
7
8
6
3
7
5
6
6
4
9
7
5
6
7
5
9
8
3
3
2
11
7
9
9
5
5
9
10
5
4
5
6
4
3
5
1
9
10
7
7
10
10
4
7
4
5
8
6
5
1
6
7
4
6
4
6
4
4
5
6
3
7
5
6
6
7
12
4
5
5
6
7
8
8
4
11
1
5
3
5
3
6
6
10
5
11
6
10
6
7
3
5
7
8
5
4
7
2
9
5
5
4
5
5
10
4
6
6
2
4
7
5
5
9
7
2
8
8
3
4
2
7
7
3
6
4
12
3
5
5
4
6
6
5
5
4
5
5
3
10
6
4
7
2
4
3
7
7
6
8
2
4
11
4
5
4
6
5
5
3
2
7
7
3
7
3
8
7
10
3
4
9
13
5
6
8
9
6
7
9
5
8
9
6
5
8
9
3
5
5
5
6
6
5
7
7
6
8
3
6
3
6
4
9
9
7
6
2
8
7
6
4
4
5
8
7
8
13
5
7
6
3
5
4
8
7
3
8
4
7
5
6
2
4
7
2
7
4
8
2
6
6
7
4
5
6
5
2
5
3
5
9
6
8
4
8
1
5
6
10
7
7
2
6
3
4
8
6
6
4
8
9
6
9
4
9
6
11
6
4
7
6
3
3
2
2
7
8
7
4
10
5
1
6
3
3
3
8
8
5
3
9
8
4
7
4
2
5
11
11
6
5
6
6
6
7
8
4
7
3
5
6
8
4
9
4
8
4
4
8
5
8
7
5
4
5
8
2
9
7
9
5
4
6
4
12
5
4
6
8
8
5
12
5
11
10
6
8
5
4
6
5
9
9
14
7
5
9
5
10
7
7
2
7
6
3
6
10
11
3
9
5
7
11
4
8
7
5
4
11
7
9
4
5
5
9
6
4
10
3
5
7
7
7
9
4
11
7
11
6
7
6
4
7
3
5
7
6
5
2
8
5
8
13
10
5
4
13
9
10
3
4
10
9
10
10
7
7
6
13
8
6
9
5
6
6
7
5
9
12
3
9
9
10
7
6
5
5
10
8
6
12
4
5
9
14
6
14
7
8
9
6
9
6
8
7
7
7
8
6
9
5
6
11
8
4
3
13
12
3
5
7
15
14
7
13
5
2
7
6
6
12
5
12
10
11
8
6
10
8
9
5
9
12
9
6
6
9
10
10
8
7
4
4
5
12
12
7
9
5
8
5
13
6
8
6
10
14
5
2
9
6
12
7
6
6
3
12
14
6
10
9
13
6
12
6
7
8
10
8
6
8
2
5
7
10
7
11
6
8
10
11
4
11
5
12
4
8
9
8
11
8
3
4
12
7
7
6
13
4
8
9
9
5
6
6
8
12
8
8
4
6
2
9
10
9
7
8
13
8
7
10
11
11
9
7
10
6
7
9
8
6
8
11
10
9
4
9
5
11
5
7
11
17
11
5
6
11
11
11
8
5
13
8
4
6
7
9
8
8
5
8
6
13
7
7
5
7
12
6
4
11
10
6
11
5
7
7
6
9
10
9
4
12
9
7
10
10
9
6
10
11
3
6
6
11
8
10
10
4
13
6
8
16
5
14
6
10
8
9
4
3
11
10
12
11
7
5
7
4
6
4
4
6
13
11
11
14
5
8
5
8
10
3
4
6
9
8
10
11
10
9
5
10
8
6
5
7
6
4
12
12
8
9
9
11
6
12
9
7
11
2
5
7
13
8
4
13
6
4
9
5
10
12
5
9
8
4
6
7
11
8
8
8
14
11
8
7
8
9
11
14
6
12
7
11
10
5
9
8
11
5
3
6
4
9
9
4
13
7
10
7
5
11
4
8
7
7
5
10
7
6
7
14
11
7
5
3
10
7
10
5
8
4
10
7
9
8
10
6
2
11
13
9
7
11
7
5
8
6
6
7
6
13
7
9
7
8
8
9
7
3
11
7
11
8
14
7
8
5
9
6
14
11
6
9
14
8
4
10
11
3
12
6
10
11
9
14
10
9
15
12
12
9
6
10
8
7
5
10
7
6
8
8
6
6
7
8
10
10
5
7
7
12
6
7
9
3
6
7
16
7
12
6
3
6
4
6
11
10
7
4
6
8
11
15
6
8
8
9
7
10
8
9
13
4
10
5
9
8
6
8
9
7
14
10
5
11
16
4
13
9
7
6
10
7
17
10
6
6
7
8
10
10
6
4
5
7
14
8
6
11
10
8
5
12
5
9
6
11
8
4
11
6
10
8
11
9
14
10
5
6
13
4
8
8
3
7
9
7
9
9
13
12
10
5
6
9
7
6
17
13
11
11
9
9
6
5
6
4
7
8
11
3
8
8
7
7
15
12
6
10
9
3
3
12
5
5
9
7
7
14
10
11
11
10
4
11
12
17
10
7
7
4
5
12
11
7
5
4
7
8
5
11
7
5
4
7
12
7
9
12
4
5
9
6
4
6
10
7
5
7
11
10
7
11
7
10
5
8
5
13
6
15
14
8
13
10
11
6
6
12
5
9
12
9
10
10
11
16
6
15
8
10
7
17
9
12
12
13
4
7
16
18
11
12
16
6
8
6
8
13
4
15
15
15
15
13
7
16
11
11
8
6
11
17
8
9
9
17
11
10
6
10
8
13
13
15
6
7
10
11
10
5
10
13
7
3
13
5
13
8
13
4
5
6
9
11
10
10
12
8
6
9
11
11
13
12
5
8
9
6
10
13
8
4
13
5
8
12
11
10
5
12
8
14
11
7
10
6
6
9
8
12
11
7
16
10
12
13
11
10
12
8
10
16
13
8
12
10
10
9
17
9
10
7
10
12
10
7
9
6
11
15
10
13
17
11
6
9
15
8
9
15
7
10
14
14
7
9
14
10
10
12
8
14
7
12
19
6
18
12
11
8
11
9
11
5
10
12
10
12
10
5
8
17
6
7
12
14
16
11
7
15
8
13
8
12
5
9
6
6
12
7
6
5
10
11
5
11
10
9
15
9
8
9
8
12
14
16
14
6
9
12
11
8
9
11
14
12
12
10
12
9
11
12
15
15
7
10
13
11
7
19
6
10
12
5
11
17
14
17
18
9
4
7
15
13
12
11
10
8
11
13
11
11
16
9
14
9
10
10
5
8
18
9
17
21
7
10
11
10
9
14
16
15
16
11
10
4
14
12
10
8
14
10
10
8
9
14
8
12
6
11
9
11
9
13
14
11
11
8
12
11
13
5
10
7
14
7
12
17
8
16
16
17
9
14
12
10
10
13
12
16
9
3
10
11
7
11
10
7
13
12
13
13
4
10
8
20
12
7
14
13
8
10
11
7
9
16
6
9
8
12
10
11
12
11
15
16
8
7
11
11
6
23
8
5
12
9
10
9
4
14
16
15
16
13
9
12
8
8
10
13
8
13
6
7
12
18
13
7
10
11
12
12
19
10
11
19
15
11
8
11
13
12
15
13
4
8
19
9
10
13
9
15
8
12
8
10
13
12
8
12
16
11
8
13
11
18
11
11
15
11
14
14
12
7
4
18
18
13
17
15
13
7
11
12
9
14
21
6
9
11
10
12
13
8
16
13
10
13
13
12
15
8
13
8
9
8
8
9
8
12
6
12
7
9
11
6
8
18
18
7
7
18
12
10
14
14
13
10
11
8
14
14
11
9
11
17
12
10
13
11
6
8
9
7
11
8
12
17
9
19
10
11
17
9
9
10
12
8
8
9
11
21
10
17
12
12
11
16
4
13
10
13
19
7
11
13
14
17
15
8
14
18
12
13
15
13
9
4
12
19
11
18
10
11
14
21
6
17
11
15
21
10
13
9
9
19
13
8
19
12
10
7
13
15
11
18
11
17
13
13
9
12
12
15
7
11
14
13
22
7
11
10
12
10
13
16
19
12
5
18
7
12
8
16
14
16
11
13
13
18
13
10
17
7
15
5
8
14
9
13
16
13
11
4
12
14
12
10
10
20
18
8
10
7
13
10
5
23
15
9
14
14
18
11
27
12
17
5
12
14
9
12
6
11
9
11
11
8
13
9
9
14
15
15
9
10
17
10
11
12
15
12
11
12
6
13
11
16
8
13
13
20
10
9
11
18
14
15
12
12
17
12
19
13
17
15
14
16
10
12
16
10
9
11
16
8
19
13
10
10
18
14
8
11
7
7
16
14
16
13
8
18
11
20
14
11
18
9
8
15
15
14
14
10
13
15
11
13
12
22
4
6
14
10
16
7
19
7
9
10
18
6
14
15
17
10
14
13
23
8
13
15
16
9
14
14
21
15
19
13
16
12
14
10
16
18
11
20
13
15
13
13
17
11
14
12
19
16
12
16
11
10
16
15
16
17
17
11
16
16
10
14
15
11
16
15
13
15
14
14
15
10
18
11
16
11
9
15
13
22
16
12
11
14
15
11
11
19
12
9
9
16
18
10
10
10
15
13
13
5
17
12
15
14
25
8
28
17
14
12
15
19
8
18
21
16
18
15
8
10
15
6
12
11
12
23
13
21
22
16
16
12
24
18
14
16
12
19
13
10
15
13
20
13
11
13
9
14
10
21
12
15
17
16
17
19
19
22
12
18
7
12
14
21
18
8
12
16
21
22
10
27
10
10
11
14
16
17
9
16
18
14
11
23
12
12
15
20
17
14
25
11
16
10
18
16
14
28
17
15
15
18
9
21
17
13
16
14
24
22
14
12
18
24
18
11
15
17
19
12
10
17
19
7
10
14
9
15
19
11
12
16
19
16
11
16
16
10
20
22
10
12
19
25
14
18
20
18
19
17
14
16
17
11
20
19
10
19
18
13
16
13
20
25
14
17
13
10
19
17
15
25
21
19
12
14
17
14
15
19
13
19
15
12
17
14
16
8
12
13
16
18
18
17
22
9
20
13
14
10
14
16
14
14
16
14
17
13
23
20
13
15
21
23
16
15
16
21
15
9
17
15
15
17
18
21
21
10
16
11
16
19
13
25
9
30
20
9
18
17
20
23
18
15
16
19
14
12
16
19
10
15
18
15
21
19
16
7
23
13
16
11
24
19
13
15
14
12
16
17
13
20
15
24
18
15
19
17
17
22
14
22
18
16
16
11
17
12
18
18
11
18
19
18
14
15
16
12
25
21
15
14
26
10
15
7
20
19
14
18
9
14
20
17
17
17
19
13
11
21
19
18
20
14
23
13
17
13
13
20
13
26
17
13
19
16
15
22
20
22
19
9
10
19
12
24
31
15
17
15
19
17
14
18
22
15
8
14
23
16
24
19
12
26
22
20
19
14
16
16
16
19
30
9
9
22
11
7
14
13
17
20
14
20
17
22
20
13
20
17
20
25
16
6
17
20
13
21
19
14
13
21
20
26
20
22
24
17
25
22
17
12
14
17
19
14
21
18
7
17
15
15
22
18
23
17
21
16
17
18
17
16
18
21
18
26
15
15
18
23
13
22
18
19
26
22
19
20
14
15
15
17
19
15
15
10
12
13
16
10
24
25
15
27
17
11
19
19
22
12
16
26
28
15
23
15
15
31
17
14
20
20
16
19
22
23
17
17
18
22
17
22
25
11
17
21
14
19
18
14
15
14
25
17
23
12
24
26
10
26
28
18
15
30
15
30
14
27
17
13
11
22
10
19
16
21
25
24
12
19
22
19
16
18
19
19
12
23
19
19
14
23
18
19
22
19
22
13
15
28
19
3
17
18
12
15
16
16
15
25
17
10
24
18
17
18
23
25
19
21
26
19
22
18
26
24
23
22
17
8
17
19
17
20
17
15
21
15
21
14
24
13
11
16
18
28
28
21
24
12
17
21
23
30
20
28
23
19
15
17
30
22
10
16
18
18
26
19
19
20
13
23
20
14
30
18
18
17
15
23
21
31
21
29
19
15
20
14
11
19
19
29
18
16
21
27
22
11
11
18
33
30
14
30
19
18
21
24
22
15
18
19
13
14
13
21
14
14
34
25
20
11
20
32
24
14
32
11
17
21
20
12
15
25
17
24
18
18
25
21
23
26
17
10
25
18
21
21
20
25
31
17
17
18
17
19
29
23
24
16
33
18
15
12
16
13
33
19
15
24
15
16
28
22
22
18
12
16
18
30
16
25
22
21
19
18
15
17
24
16
21
16
29
20
25
17
19
16
24
23
30
11
20
11
24
23
21
15
17
16
16
19
22
17
17
20
24
11
26
6
22
21
27
31
19
14
22
15
17
21
16
15
24
29
25
14
19
12
20
31
16
24
13
21
23
29
26
27
27
21
23
24
24
22
22
27
16
22
18
15
23
37
21
28
23
32
33
32
23
25
25
22
24
21
23
27
20
24
23
27
29
19
27
15
24
29
19
26
30
32
14
28
15
21
36
36
24
19
32
26
20
19
19
24
17
24
32
21
22
21
21
21
20
22
25
31
17
24
30
18
22
15
24
19
22
17
20
16
18
16
16
23
26
37
12
16
28
27
20
21
24
22
15
23
31
22
14
23
28
13
29
23
22
19
30
17
26
29
27
16
20
21
22
22
17
29
20
24
14
27
15
16
14
24
27
26
33
16
22
25
21
28
27
26
19
21
16
35
23
28
23
17
32
23
20
39
30
35
21
26
21
29
24
33
26
26
24
20
27
31
24
17
20
20
14
13
19
20
20
27
17
17
26
21
23
21
22
28
19
18
21
26
26
24
20
26
22
21
16
21
31
28
24
29
27
20
25
17
33
31
18
26
20
25
19
28
21
32
29
37
28
24
27
14
19
23
31
20
19
28
26
26
24
25
36
24
30
23
27
23
21
28
23
25
23
18
19
42
21
21
29
22
26
30
37
27
27
11
23
26
24
31
29
19
22
28
10
30
28
25
23
31
35
29
29
33
30
21
18
31
24
22
16
23
15
22
20
9
29
16
17
31
42
27
34
22
18
19
22
24
27
27
25
23
27
24
36
28
16
20
32
21
44
38
37
25
37
15
28
32
21
24
23
36
38
29
28
28
28
23
28
31
28
30
25
23
27
23
32
37
28
24
34
25
27
28
11
28
36
27
31
25
27
30
28
28
44
24
35
20
23
27
15
17
26
21
34
22
36
20
21
39
23
32
36
38
29
30
29
22
26
30
25
18
26
26
21
31
34
21
31
27
33
33
40
36
28
24
37
29
38
25
31
32
18
25
28
39
22
27
18
27
34
26
36
31
31
30
17
31
27
30
39
43
37
26
41
24
24
38
31
40
35
36
33
31
30
35
21
30
21
47
21
24
34
28
36
24
39
28
25
35
38
40
29
36
22
31
26
30
25
24
16
36
25
18
28
36
27
30
42
31
24
31
35
34
35
14
38
25
23
25
40
28
28
23
23
35
45
25
20
32
37
29
29
31
23
26
33
35
29
25
19
36
26
13
24
29
33
29
34
34
35
25
34
33
32
26
29
40
33
32
23
33
35
31
26
51
40
29
37
26
36
34
29
37
36
44
28
25
27
19
32
34
50
32
26
36
34
24
37
42
26
25
35
23
33
28
24
33
24
34
45
27
30
22
33
22
26
43
29
20
34
24
29
32
32
39
44
20
34
29
31
31
26
36
26
32
25
31
25
40
19
33
33
46
28
35
42
52
29
35
30
17
22
27
27
48
40
33
29
46
29
32
41
28
44
44
48
34
28
25
41
20
47
44
57
31
53
37
31
31
31
30
36
24
26
41
28
23
28
30
23
47
35
34
34
31
27
31
34
32
29
55
31
39
26
40
40
34
36
23
34
30
37
22
29
36
39
29
51
44
32
24
28
49
47
38
39
32
35
33
46
20
30
24
24
37
50
32
33
34
39
37
42
41
41
30
29
34
41
38
42
45
33
39
48
39
36
45
24
20
43
21
26
38
34
31
35
35
45
36
35
38
37
40
40
37
42
38
42
31
40
28
33
33
29
34
40
38
32
28
26
38
39
42
25
41
40
48
38
26
29
30
61
30
42
49
39
38
57
44
42
31
33
42
56
36
33
25
44
34
32
45
42
38
44
29
39
49
33
39
39
49
32
28
46
36
36
28
21
29
40
44
38
44
28
35
37
37
30
36
34
38
41
30
38
28
58
35
47
29
55
26
35
42
30
50
41
27
43
39
52
31
33
40
44
43
42
45
43
42
29
31
33
43
26
34
45
54
42
31
48
43
33
49
40
44
37
47
35
43
33
37
33
35
48
46
58
42
36
31
26
38
38
43
32
27
45
39
36
50
48
38
52
44
39
37
26
59
47
69
38
46
35
28
34
46
31
36
42
51
24
41
55
30
31
48
31
43
37
35
46
44
44
58
37
33
53
50
48
30
32
35
42
25
53
48
37
30
31
54
39
32
48
33
39
29
47
37
35
32
42
31
43
38
57
41
29
37
53
58
60
34
52
47
37
31
35
42
43
48
50
37
35
41
43
43
26
37
35
40
48
21
38
43
39
49
49
35
40
29
35
30
40
33
37
36
38
55
49
54
46
35
44
43
49
50
55
37
49
55
40
46
48
56
61
63
40
43
61
47
43
53
33
51
40
37
51
36
45
59
60
51
54
37
43
42
49
37
61
21
51
51
39
44
58
52
44
38
48
43
56
56
64
54
46
38
50
42
48
58
53
54
41
38
41
53
41
67
39
57
53
45
39
40
54
42
47
52
52
53
48
38
40
32
40
58
42
45
53
49
51
56
35
52
43
42
65
51
51
31
50
48
61
54
56
44
52
36
38
60
56
43
64
42
43
52
66
47
53
30
33
46
46
