0
0
0
0
0
0
0
0
0
0
0
0
0
0
0
0
0
0
0
0
0
0
0
0
0
0
0
0
0
0
0
0
0
0
0
0
0
0
0
0
0
0
0
0
0
0
0
0
0
0
0
0
0
0
0
0
0
0
0
0
0
0
0
0
0
0
0
0
0
0
0
0
0
0
0
0
0
0
0
0
0
0
0
0
0
0
0
0
0
0
0
0
0
0
0
0
0
0
0
0
0
0
0
0
0
0
0
0
0
0
0
1
0
1
0
0
0
0
0
0
0
0
0
0
0
0
0
0
0
0
0
0
0
0
1
0
0
0
1
0
0
2
1
2
0
1
1
1
1
1
1
0
1
1
0
0
2
0
1
1
0
0
0
1
0
0
0
0
2
1
1
1
0
2
3
0
0
1
1
0
0
0
2
1
1
1
1
1
0
0
0
1
0
1
0
1
0
1
0
2
0
0
3
0
0
0
0
3
0
0
0
0
0
0
2
1
1
0
0
0
0
0
1
0
0
2
0
2
1
1
0
0
2
1
1
0
1
1
0
0
3
0
0
2
2
1
0
1
0
1
1
1
0
1
1
1
0
0
1
0
0
0
0
0
0
0
0
0
0
0
0
0
1
1
0
0
0
1
0
0
0
1
0
0
1
1
0
0
0
0
0
0
0
0
1
0
0
0
1
1
0
0
0
0
1
0
0
0
0
1
0
0
0
0
1
0
0
0
0
0
0
0
0
0
0
0
0
0
0
1
1
0
0
0
0
0
0
0
0
0
0
0
0
0
0
0
0
0
0
0
0
0
0
0
0
0
0
0
0
0
0
0
0
0
0
0
0
0
0
0
0
0
0
0
0
0
0
0
0
0
0
0
0
0
0
0
0
0
0
0
0
0
0
0
0
0
0
0
0
0
0
0
0
0
0
0
0
0
0
0
0
0
0
0
0
0
0
0
0
0
0
0
0
0
0
0
0
0
0
0
0
0
0
0
0
0
0
0
0
0
0
0
0
0
0
0
0
0
0
0
0
0
0
0
0
0
0
0
0
0
0
0
0
0
0
0
0
0
0
0
0
0
0
0
0
0
0
0
0
0
0
0
0
0
0
0
0
0
0
0
0
0
0
0
0
0
0
0
0
0
0
0
0
0
0
0
0
0
0
0
0
0
0
0
0
0
0
0
0
0
0
0
0
0
0
0
0
0
0
0
0
0
0
0
0
0
0
0
0
0
0
0
0
0
0
0
0
0
0
0
0
0
0
0
0
0
0
0
0
0
0
0
0
0
0
0
0
0
0
0
0
0
0
0
0
0
0
0
0
0
0
0
0
0
0
0
0
0
0
0
0
0
0
0
0
0
0
0
0
0
0
0
0
0
0
0
0
0
0
0
0
0
0
0
0
0
0
0
0
0
0
0
0
0
0
0
0
0
0
0
0
0
0
0
0
0
0
0
0
0
0
0
0
0
0
0
0
0
0
0
0
0
0
0
0
0
0
0
0
0
0
0
0
0
0
0
0
0
0
0
0
0
0
0
0
0
0
0
0
0
0
0
0
0
0
0
0
0
0
0
0
0
0
0
0
0
0
0
0
0
0
0
0
0
0
0
0
0
0
0
0
0
0
0
0
0
0
0
0
0
0
0
0
0
0
0
0
0
0
0
0
0
0
0
0
0
0
0
0
0
0
0
0
0
0
0
0
0
0
0
0
0
0
0
0
0
0
0
0
0
0
0
0
0
0
0
0
0
0
0
0
0
0
0
0
0
0
0
0
0
0
0
0
0
0
0
0
0
0
0
0
0
0
0
0
0
0
0
0
0
0
0
0
0
0
0
0
0
0
0
0
0
0
0
0
0
0
0
0
0
0
0
0
0
0
0
0
0
0
0
0
0
0
0
0
0
0
0
0
0
0
0
0
0
0
0
0
0
0
0
0
0
0
0
0
0
0
0
0
0
0
0
0
0
0
0
0
0
0
0
0
0
0
0
0
0
0
0
0
0
0
0
0
0
0
0
0
0
0
0
0
0
0
0
0
0
0
0
0
1
0
1
0
0
0
0
0
0
0
0
0
0
1
0
0
0
0
0
0
0
0
0
0
0
0
0
0
0
0
0
0
0
0
1
0
0
0
0
0
0
0
0
0
0
0
0
0
1
0
0
0
0
0
0
0
0
0
0
0
0
0
0
0
0
0
0
0
0
0
0
0
0
0
1
0
0
0
0
0
0
0
0
0
0
0
0
1
0
0
0
0
0
2
0
0
0
0
0
0
1
1
0
2
0
1
0
1
0
0
0
1
0
1
1
1
0
0
0
0
2
0
0
0
0
0
2
0
0
3
1
0
0
0
0
0
2
1
1
0
1
0
0
3
0
0
1
1
1
0
1
0
1
1
0
1
2
0
3
0
1
0
0
1
2
0
1
0
2
1
0
1
3
5
1
0
1
0
0
1
1
0
1
0
2
0
0
2
0
0
0
0
1
1
0
0
2
1
0
2
0
1
2
3
0
1
1
1
0
2
1
2
2
4
1
3
2
3
0
3
1
3
3
2
3
4
1
5
4
2
2
2
3
1
2
2
1
2
2
3
4
0
0
3
4
2
1
1
2
1
1
1
4
1
3
1
4
1
2
0
4
5
2
0
2
3
2
3
2
4
3
3
5
0
0
2
3
3
2
1
2
2
1
3
7
0
4
1
2
8
4
1
3
2
2
5
2
0
4
3
2
5
0
1
0
2
6
7
3
2
2
2
2
2
2
1
2
4
1
1
5
2
2
3
5
2
4
4
2
4
2
5
2
5
4
1
2
5
4
7
0
3
6
3
2
5
3
1
2
5
5
2
6
2
3
3
4
3
7
6
1
5
1
5
5
3
3
5
6
4
5
3
6
4
3
2
3
2
3
4
8
1
6
6
7
4
1
4
4
1
3
2
1
3
6
4
4
4
1
4
2
5
4
6
4
7
7
2
6
4
3
3
4
4
11
11
1
4
5
5
7
3
6
3
6
4
3
3
4
7
5
3
4
3
4
5
1
5
1
0
4
4
8
6
3
4
6
4
2
4
9
8
6
4
5
6
6
5
4
7
5
3
7
9
3
5
8
6
9
11
4
8
3
7
8
6
8
11
8
9
8
6
8
6
7
7
9
10
13
10
6
3
9
13
6
6
10
6
4
4
4
12
9
8
15
3
9
9
6
8
9
9
10
9
6
9
7
14
5
2
11
4
10
12
9
6
4
10
10
8
8
5
5
8
9
8
7
13
10
12
13
6
14
9
6
10
9
10
8
4
5
9
10
10
11
5
6
9
13
2
9
15
10
8
14
5
9
16
14
14
12
7
4
9
14
15
7
11
12
10
6
8
7
17
10
14
10
5
7
8
8
7
6
13
14
15
7
12
8
10
12
6
9
8
8
6
11
12
10
13
7
6
12
12
8
10
10
7
7
12
11
11
10
14
12
7
6
8
8
9
9
11
14
14
7
11
4
8
12
10
11
11
13
12
8
11
13
11
13
10
4
23
11
12
14
9
15
9
17
15
9
18
12
12
8
12
10
11
7
14
10
15
9
15
12
18
15
11
9
8
18
15
13
6
13
9
20
9
17
8
10
17
14
12
15
17
8
15
10
12
11
13
16
5
7
12
13
20
9
15
15
15
14
3
11
16
11
22
13
14
14
10
14
12
14
13
13
14
16
23
6
9
11
16
11
21
4
12
16
13
11
10
33
16
13
9
15
12
18
14
19
14
7
21
16
14
8
10
13
13
18
19
23
15
20
15
12
18
7
21
11
8
12
16
13
8
9
11
13
8
18
16
16
20
18
11
15
20
25
6
19
16
26
22
16
28
15
20
11
14
15
12
14
12
15
29
14
24
19
9
23
12
9
12
15
11
19
22
14
13
25
16
23
15
20
19
13
16
19
16
18
19
23
23
21
21
20
19
21
21
18
26
22
17
34
22
17
13
20
12
26
22
26
23
22
19
25
29
21
18
20
15
23
18
25
16
29
20
13
19
17
17
26
24
11
25
25
22
29
41
19
16
33
24
19
25
50
13
12
26
23
34
15
44
20
25
22
23
25
21
20
37
34
27
18
23
23
23
16
27
22
24
27
20
14
28
25
25
17
18
34
19
47
28
26
42
14
22
25
18
24
27
19
22
23
31
36
35
56
9
21
22
25
33
51
36
30
63
42
17
56
24
33
20
22
25
46
29
32
27
24
39
35
25
15
39
22
20
43
36
32
15
20
22
18
33
23
22
33
34
40
27
29
49
43
33
36
31
63
21
30
23
44
35
37
26
17
22
49
48
34
32
35
49
74
30
98
39
11
77
29
35
20
37
28
23
27
33
39
34
37
45
28
44
22
25
61
27
24
34
22
62
41
25
77
30
29
44
84
49
24
60
50
94
32
77
35
19
43
21
109
64
23
26
110
107
54
53
149
52
46
43
41
45
37
29
35
42
32
43
16
53
24
52
30
48
44
39
86
24
40
34
31
23
48
35
60
26
24
29
48
55
30
57
53
40
21
47
50
24
127
100
122
110
81
37
165
62
197
39
40
34
39
48
26
20
36
21
19
28
55
43
26
38
45
43
29
35
21
46
29
19
22
26
23
33
39
27
35
44
19
37
42
23
47
45
31
36
16
28
39
38
29
47
31
26
33
33
30
25
40
28
50
27
30
28
46
30
20
35
26
27
31
47
25
31
30
50
34
29
39
48
36
41
29
28
45
29
46
47
31
39
39
57
32
56
70
47
40
47
44
61
39
43
29
57
44
28
31
28
45
39
39
43
37
47
35
43
32
41
58
66
28
50
32
31
82
24
93
35
42
46
48
49
42
33
44
43
52
58
42
48
43
70
53
38
55
76
70
78
74
61
71
42
63
98
71
65
66
70
65
60
78
71
82
46
59
39
56
73
75
49
63
37
57
40
36
64
53
78
60
56
62
61
27
45
83
51
110
68
27
35
40
106
46
72
76
68
131
93
44
44
88
60
46
115
127
58
95
88
58
62
118
58
91
109
55
115
41
84
61
93
106
70
106
60
86
74
78
81
102
116
79
124
152
80
67
167
90
125
129
155
75
138
125
106
71
78
96
62
94
71
143
128
84
179
171
74
94
171
69
51
61
103
59
45
93
96
99
82
51
68
58
79
58
60
95
129
149
47
89
78
91
102
108
84
103
154
61
167
155
110
123
75
107
153
95
63
110
206
96
130
117
137
169
146
114
161
315
113
215
137
118
139
201
184
288
153
198
108
92
140
179
124
65
78
122
98
93
113
83
70
90
115
122
123
51
83
170
141
87
108
126
111
182
358
88
331
49
70
74
105
61
66
79
119
85
89
81
96
99
53
98
146
70
126
69
78
114
163
87
90
125
77
87
66
58
86
83
112
159
101
121
175
112
61
121
135
171
68
148
97
79
126
87
119
181
142
86
108
98
71
86
132
107
94
85
123
96
141
167
141
150
163
196
67
94
132
129
116
163
151
141
94
83
116
101
99
122
182
130
142
227
178
208
202
169
160
137
187
143
226
102
129
165
88
132
127
218
268
218
111
264
237
99
159
249
93
145
198
223
264
204
137
186
203
138
158
184
121
127
138
184
323
183
111
139
194
171
163
324
128
265
215
170
170
220
177
164
98
200
276
151
233
219
131
93
167
112
123
111
94
182
277
167
110
120
167
131
127
125
185
132
154
96
162
198
267
137
366
133
153
261
153
157
155
158
135
191
100
190
221
187
249
109
213
220
140
245
197
131
200
179
137
224
247
135
217
60
290
106
221
131
196
160
301
277
194
203
198
193
256
183
202
230
223
106
145
165
166
322
146
122
271
262
90
188
160
116
117
186
203
56
193
185
126
126
66
136
166
90
125
144
70
89
110
120
138
61
169
169
97
116
180
144
103
129
112
40
122
57
72
60
89
85
140
114
122
106
80
77
49
76
159
130
75
114
83
129
65
60
58
91
80
87
110
78
90
103
36
125
83
80
56
66
33
79
47
107
131
53
65
66
49
91
90
61
127
73
53
32
66
43
76
81
53
77
85
52
168
103
44
94
65
88
38
60
97
94
107
65
97
120
104
75
62
65
120
102
129
60
65
74
165
63
133
204
122
73
76
96
96
60
93
66
110
59
47
84
74
33
34
80
82
76
42
51
113
100
267
360
32
77
125
69
58
63
29
27
34
66
42
26
44
31
75
61
28
52
66
60
39
44
41
38
42
26
45
27
45
33
57
23
44
26
24
42
32
39
34
18
33
22
20
28
59
26
56
16
51
21
19
22
51
43
30
28
40
19
18
59
22
27
33
97
25
45
24
18
26
28
32
22
35
35
36
18
34
22
32
33
20
40
71
12
19
12
27
18
19
28
15
20
20
21
19
16
26
19
36
29
35
16
19
33
38
16
16
41
27
26
41
18
40
33
20
47
11
10
48
20
31
33
136
10
54
16
63
19
16
13
21
14
9
85
46
25
20
18
32
8
13
15
20
13
31
16
12
12
20
17
16
13
11
13
8
23
16
6
11
8
9
8
10
10
11
12
6
11
10
9
10
11
10
9
7
7
14
7
8
9
8
6
10
4
6
9
14
8
7
11
9
7
7
5
7
12
12
10
14
17
10
9
8
8
3
4
14
10
7
6
3
7
3
5
7
7
8
9
7
6
3
9
10
9
14
7
9
5
7
15
9
10
10
9
6
5
8
8
10
6
14
7
7
5
4
8
6
5
8
9
7
6
8
7
9
7
5
5
9
7
2
10
6
7
9
10
5
7
8
3
6
4
5
2
8
6
4
5
5
3
9
5
2
7
3
8
5
4
5
6
6
9
4
6
6
4
4
4
5
6
2
10
6
7
3
4
7
2
3
5
5
4
2
3
5
5
6
6
4
4
5
7
1
5
3
5
4
3
4
4
6
3
5
5
4
6
4
5
1
2
4
3
5
2
4
2
6
6
2
4
6
4
2
1
6
4
3
5
3
5
7
4
4
2
3
3
5
2
1
3
5
2
3
3
5
3
2
3
7
3
4
6
1
5
3
4
3
2
6
4
4
4
5
4
2
1
5
2
2
2
3
5
3
6
3
4
5
1
1
4
1
3
3
0
2
1
2
3
1
3
4
2
7
2
2
4
0
5
2
1
3
4
4
2
2
2
3
6
1
2
4
3
1
3
4
4
2
3
0
5
1
3
3
2
3
2
2
5
4
3
2
4
2
4
3
4
4
1
2
2
2
2
2
3
0
4
5
2
2
5
3
3
3
6
4
3
3
1
2
0
1
2
3
1
1
0
0
1
4
2
2
0
1
6
2
0
0
1
3
2
3
4
2
3
5
1
5
5
2
1
1
1
3
4
2
3
2
2
3
3
5
3
2
2
1
1
5
0
1
2
2
2
3
5
2
2
4
3
1
2
1
3
4
3
3
1
2
3
2
4
4
3
4
3
7
5
2
4
3
0
0
3
3
2
2
3
3
1
4
4
1
3
3
3
4
2
2
3
2
2
1
5
2
2
3
2
2
1
0
3
0
2
2
1
1
0
3
2
2
1
0
5
1
5
1
1
3
4
0
3
4
3
2
4
1
0
1
2
2
0
2
4
2
2
3
3
1
0
3
0
3
2
4
1
2
2
0
2
3
3
1
0
3
1
2
1
3
3
0
3
1
0
1
2
2
3
2
2
1
1
2
1
4
1
3
1
3
1
2
4
3
2
2
4
2
1
1
3
4
1
1
0
1
1
0
1
1
2
2
4
0
1
1
1
1
2
1
4
1
2
2
4
2
4
1
1
1
2
1
1
4
1
1
2
3
3
4
3
2
4
2
6
2
6
3
2
1
1
5
1
4
2
4
1
1
2
1
2
3
3
4
3
3
1
2
2
0
2
1
2
5
3
2
3
3
3
0
2
2
2
4
1
4
1
2
4
1
2
4
3
3
3
1
2
1
2
1
5
1
4
2
2
3
3
1
1
5
3
4
2
3
3
3
1
2
2
0
1
6
2
1
1
3
2
2
3
1
2
2
2
1
1
1
2
0
3
2
1
2
4
1
0
1
2
5
0
1
3
3
3
2
2
0
2
4
1
3
3
3
1
2
3
1
2
1
5
2
1
3
3
1
1
3
4
3
2
1
1
4
0
2
1
0
0
0
2
3
0
1
0
3
2
2
2
4
1
1
1
3
5
1
1
1
5
2
0
1
1
1
2
2
2
1
1
5
1
1
3
3
0
5
3
3
0
1
1
0
1
2
4
0
2
4
2
3
5
0
2
2
0
1
3
1
0
4
1
0
3
1
1
2
1
0
3
0
1
1
0
2
4
0
2
1
1
0
2
1
2
1
3
4
1
1
2
0
4
3
1
2
3
2
3
5
3
3
3
1
1
2
2
3
5
1
1
1
2
2
3
1
2
4
3
1
1
3
0
3
2
1
1
1
5
2
1
4
2
3
1
4
0
0
2
3
1
0
3
4
2
2
1
3
3
2
3
3
1
2
4
3
2
2
3
3
2
2
2
3
3
4
2
4
5
3
2
1
3
1
1
1
1
1
3
2
3
3
2
1
1
2
1
0
2
2
2
7
0
5
3
1
1
2
1
1
4
1
2
3
1
0
0
1
3
6
2
4
0
2
0
4
0
1
2
2
0
2
2
3
1
2
3
1
2
0
1
0
1
2
2
3
2
3
1
2
0
1
1
3
2
1
4
3
0
1
2
3
2
1
2
2
1
1
0
1
1
2
2
0
1
2
3
0
1
2
1
3
1
1
3
1
0
0
2
2
1
3
0
3
1
1
1
0
0
1
0
0
1
1
2
3
4
2
2
3
2
0
3
2
1
0
2
0
1
2
0
1
2
5
3
1
3
3
3
1
1
0
3
3
2
1
0
3
5
1
2
2
3
2
3
1
1
2
0
1
0
2
3
0
2
2
0
3
1
3
0
2
3
2
0
0
2
4
5
0
2
2
3
4
0
4
2
3
3
2
1
1
2
4
5
2
4
2
2
2
7
5
1
2
4
3
1
2
2
3
2
1
7
3
3
4
1
4
2
1
2
0
1
2
2
3
2
1
0
4
3
1
2
2
3
4
1
2
1
3
1
2
2
2
1
0
5
2
3
3
1
1
1
3
1
2
2
1
1
3
3
0
1
4
0
3
3
2
3
2
2
1
0
2
3
2
2
5
0
1
2
2
2
3
3
5
2
0
3
0
4
2
2
2
4
1
0
2
3
5
1
4
1
0
0
0
0
3
2
2
3
2
0
2
5
1
2
3
2
3
1
1
5
7
3
6
0
2
2
0
1
3
3
1
5
1
0
2
1
2
2
2
1
2
1
1
1
0
0
3
0
2
3
0
1
0
1
1
1
1
0
0
1
2
1
1
2
0
2
3
1
1
2
2
2
0
2
0
3
2
1
1
2
1
3
0
1
1
1
3
0
2
0
3
2
2
3
1
4
1
1
1
2
1
0
2
1
4
0
1
0
4
1
3
4
2
1
4
2
0
3
2
0
2
2
2
0
3
0
2
1
1
2
0
2
4
3
2
0
0
4
3
2
3
2
2
3
4
4
0
0
1
5
1
4
2
2
0
0
1
2
0
0
2
1
1
2
3
0
1
3
1
1
2
3
2
3
4
2
3
3
1
0
1
2
2
0
3
2
4
2
0
1
2
1
1
6
2
1
1
4
4
1
2
1
1
1
1
2
2
0
0
2
2
1
3
3
3
2
1
1
0
0
1
1
0
2
2
0
1
4
1
0
2
0
3
3
0
3
2
1
1
0
3
2
0
1
3
2
0
2
1
1
0
2
0
2
0
2
0
0
2
0
1
1
2
2
0
2
1
4
0
3
0
2
0
2
2
2
3
4
1
0
0
3
1
1
3
3
0
2
2
0
0
3
3
0
0
0
0
2
4
3
2
0
0
2
1
5
1
3
1
1
4
1
2
1
1
0
0
1
5
2
2
1
2
2
1
2
1
3
0
1
0
2
2
0
2
2
1
4
2
1
1
0
1
2
0
2
1
1
2
2
1
2
1
0
0
1
1
1
0
3
2
3
0
1
1
1
2
2
2
2
0
0
3
3
2
0
1
2
2
1
6
2
2
1
1
2
0
3
1
3
2
0
0
1
2
0
0
2
3
2
0
1
1
2
2
1
1
3
2
2
0
5
2
1
0
0
0
0
2
1
2
2
1
1
2
0
0
0
2
1
1
2
0
0
2
2
0
0
0
3
3
1
2
2
0
1
2
2
1
0
4
0
1
3
2
2
2
1
1
1
1
2
0
1
1
1
0
2
3
1
3
1
3
1
1
1
3
1
1
2
1
0
2
1
2
1
0
5
2
1
2
4
1
0
1
3
1
3
1
4
2
2
2
0
3
2
2
2
2
4
1
1
3
1
1
1
3
3
0
0
1
1
1
1
1
4
0
2
1
1
2
2
1
1
1
1
2
1
3
3
4
1
2
2
1
0
0
3
0
1
2
2
1
2
1
2
1
2
1
2
2
2
2
2
1
1
2
1
4
2
1
3
4
0
2
2
2
2
0
1
2
3
3
1
3
4
1
1
3
1
2
5
1
1
4
1
2
1
2
0
3
2
0
0
4
1
1
1
1
2
1
3
4
1
2
2
1
2
1
4
2
1
0
3
0
3
0
0
1
0
0
1
1
1
1
2
2
3
0
1
1
2
0
1
3
1
0
2
2
1
2
2
1
1
5
4
3
3
1
2
3
2
3
2
4
0
4
0
1
3
2
1
3
1
2
1
1
1
1
2
0
2
1
0
1
1
3
0
1
1
3
3
0
2
2
0
0
1
1
1
0
2
1
2
2
2
1
3
2
2
3
2
1
2
2
3
3
4
2
2
2
1
1
1
1
1
0
1
3
2
2
1
3
0
1
4
2
0
0
1
1
1
2
5
1
1
4
1
4
0
2
1
1
2
2
1
1
2
0
4
1
3
1
0
1
2
3
1
1
3
1
1
0
2
0
0
0
1
0
0
0
0
0
3
1
2
2
2
1
2
1
1
1
1
0
3
3
2
2
0
4
1
1
2
3
1
1
6
2
2
0
0
3
2
1
1
0
1
0
4
2
0
0
0
3
0
3
2
0
2
1
1
2
3
0
3
1
1
1
2
1
4
2
2
2
2
1
2
2
1
2
3
1
0
1
3
0
0
2
1
4
4
2
0
0
1
1
2
3
3
0
1
2
4
3
2
3
2
3
2
0
2
3
1
2
3
2
3
4
1
3
0
0
1
0
0
3
1
1
2
0
4
2
4
0
0
0
1
3
1
3
0
4
2
4
2
3
2
4
1
4
1
3
2
2
1
4
6
2
3
1
1
1
2
0
3
1
2
1
2
2
2
1
0
2
2
2
2
2
0
3
1
2
1
1
2
0
1
0
1
2
3
1
1
0
1
3
3
1
3
3
1
3
2
2
3
0
3
2
1
2
1
2
1
1
5
3
6
3
2
3
2
2
2
3
2
1
3
1
2
1
4
1
3
1
2
4
2
0
2
0
5
2
4
1
3
4
3
1
2
4
4
3
1
1
0
4
1
3
2
3
1
3
2
3
3
1
4
2
2
2
5
6
3
3
2
3
5
1
1
0
2
0
1
2
1
2
1
2
5
2
4
4
1
1
1
1
1
3
1
0
1
0
0
2
2
3
2
0
2
0
3
2
2
1
3
2
1
2
4
2
3
6
2
2
1
0
6
1
5
2
0
1
1
3
4
2
1
3
2
3
1
2
1
1
1
1
3
0
0
3
5
2
2
3
2
2
3
2
1
4
1
0
2
1
4
0
1
3
1
3
1
1
3
2
5
4
0
1
1
1
1
1
1
2
4
3
2
2
3
0
2
1
1
3
2
3
3
3
0
1
0
4
0
4
0
4
0
1
0
5
4
1
1
3
1
3
2
1
1
3
4
1
1
1
4
0
1
1
2
5
3
2
3
1
3
2
0
5
2
3
1
3
0
0
3
1
0
1
4
2
2
2
1
1
2
1
5
3
0
1
0
4
2
4
1
3
3
2
2
2
2
1
1
2
0
3
2
1
2
0
2
4
4
1
2
2
2
1
0
4
3
0
1
1
5
0
3
1
1
2
2
3
1
3
3
3
1
2
1
3
3
5
1
3
3
1
4
1
1
1
3
1
1
2
3
1
1
0
3
1
2
4
2
4
1
4
1
1
0
4
1
2
4
3
3
2
0
3
2
3
1
2
1
3
2
3
2
3
3
5
7
6
3
2
4
2
3
3
0
4
4
2
6
1
1
3
3
1
0
4
2
2
5
3
3
1
2
5
1
2
1
5
5
2
1
1
5
2
3
2
6
0
2
3
1
5
2
2
3
3
4
2
5
2
2
3
2
1
1
4
2
1
1
3
2
3
2
1
1
4
5
2
1
3
2
4
0
3
2
1
2
1
0
2
6
0
5
3
2
6
2
3
3
3
3
2
1
3
2
1
3
3
3
3
2
1
1
1
3
0
6
3
4
2
5
1
2
4
2
3
1
2
1
4
4
6
2
3
4
2
0
4
3
3
2
2
3
1
2
2
3
1
2
2
1
1
1
3
2
2
1
1
5
1
3
1
2
4
2
1
1
2
2
1
1
2
2
0
1
1
2
1
0
0
2
1
2
3
1
0
4
3
1
1
4
3
2
3
1
2
3
3
1
3
2
1
3
1
3
1
5
1
0
4
3
3
1
1
1
2
2
0
2
0
1
5
2
4
1
2
2
2
1
2
1
2
5
1
0
2
2
2
1
3
3
2
1
1
2
5
2
2
2
4
0
2
0
2
3
0
1
2
0
1
1
3
4
2
2
1
2
0
2
5
1
1
3
1
3
4
0
2
2
6
1
2
3
2
2
0
3
2
2
3
0
1
3
4
1
1
2
1
2
2
3
1
4
2
1
2
2
2
2
1
0
4
4
2
2
3
3
4
1
3
4
1
1
4
3
1
0
2
4
2
2
1
1
3
0
0
4
1
1
1
1
4
2
3
3
2
1
3
3
2
2
2
2
2
3
1
2
1
2
1
2
1
2
4
0
4
3
4
4
5
3
1
1
2
2
3
5
5
1
2
3
2
2
2
1
3
3
3
0
1
4
0
3
3
1
1
3
2
2
2
1
3
4
2
4
2
1
4
1
3
4
4
1
0
2
0
4
0
2
1
2
3
2
0
1
1
1
0
5
0
2
2
2
2
1
1
2
3
4
1
2
0
0
1
2
2
5
2
3
2
2
3
1
2
0
1
1
1
0
0
2
0
1
1
2
2
3
4
0
2
3
3
3
3
0
2
3
2
2
1
2
3
1
3
4
2
0
2
1
4
3
5
4
1
3
2
2
2
3
1
2
1
5
2
3
4
4
2
2
1
2
4
0
1
2
3
4
1
2
2
1
1
2
1
2
4
1
1
1
2
3
5
1
2
3
8
3
2
1
0
0
5
5
6
5
1
2
3
3
6
0
2
1
1
0
3
3
5
4
5
2
2
5
0
4
1
0
4
1
0
3
1
7
3
3
3
2
3
3
2
3
5
3
2
1
3
4
1
2
1
1
0
5
4
5
4
1
2
3
1
2
1
1
4
3
1
2
2
0
0
3
2
1
2
4
4
2
7
4
1
1
2
3
1
1
2
2
3
1
3
6
0
3
3
3
5
1
3
4
1
2
4
3
2
0
2
0
0
2
1
3
2
1
3
2
1
3
0
0
4
2
1
4
2
5
2
1
3
2
1
0
2
3
1
2
3
2
0
2
2
1
6
1
4
1
2
2
1
2
2
2
3
4
1
3
0
1
1
5
4
5
1
3
2
4
3
2
2
0
3
1
1
1
2
5
1
1
3
0
1
2
5
1
3
2
0
2
5
3
3
2
1
0
4
3
1
2
3
4
1
2
1
4
1
3
1
3
4
4
2
1
4
3
2
2
0
3
2
1
2
3
8
1
2
1
2
2
3
0
5
2
2
3
4
3
2
2
1
0
2
0
5
4
1
1
0
3
2
1
2
3
1
3
3
5
5
1
2
6
0
8
6
2
3
0
2
3
1
2
0
1
0
4
3
1
4
1
4
2
4
0
1
0
0
5
3
1
2
4
6
4
3
4
2
1
1
1
4
0
2
2
1
2
1
5
4
2
1
2
5
7
2
5
1
1
1
2
0
3
1
2
2
2
1
3
1
4
2
2
3
1
2
1
2
1
1
2
3
2
2
3
0
2
1
2
1
6
4
6
5
1
3
1
3
0
1
2
3
3
2
3
0
0
2
1
3
4
0
4
3
8
2
6
1
3
4
2
3
4
2
3
1
2
2
3
1
1
1
1
2
0
3
1
4
3
5
2
2
5
1
4
1
6
5
3
2
2
1
2
1
2
0
3
3
4
2
1
3
2
3
3
1
0
3
3
2
2
4
5
3
1
3
3
2
1
7
3
1
1
2
4
2
3
3
5
3
1
2
3
7
0
6
4
0
5
3
3
4
7
3
3
4
2
1
3
5
8
2
4
3
3
4
5
4
3
3
1
3
4
2
3
2
2
0
5
1
1
1
4
2
2
3
2
4
8
4
4
1
5
2
3
6
2
4
2
4
1
4
0
3
5
0
4
5
1
2
3
2
4
6
2
4
1
6
2
2
3
4
2
5
1
3
2
2
3
5
0
5
6
4
5
1
3
1
4
2
6
0
3
0
3
2
2
3
3
2
1
3
6
2
4
1
4
4
2
2
3
5
5
4
2
2
5
3
3
5
3
4
4
1
4
3
1
4
2
3
7
4
7
9
2
4
3
2
3
3
4
2
2
1
3
2
2
3
3
3
2
3
4
4
1
5
2
4
2
1
3
2
4
2
3
2
2
2
3
4
5
3
3
3
3
1
1
1
4
5
1
1
1
2
3
1
2
4
3
6
4
4
1
3
0
5
3
3
7
3
3
4
6
5
4
4
2
5
1
2
2
5
2
2
5
3
3
4
1
3
4
3
2
1
5
3
4
7
7
4
1
6
1
3
6
3
5
3
3
6
5
7
4
2
1
2
4
3
5
4
3
3
2
3
3
7
1
2
4
6
4
4
3
4
4
5
6
3
3
5
2
7
2
4
8
3
5
5
2
7
3
2
5
3
7
5
0
3
5
5
3
7
6
0
2
3
4
3
4
4
6
4
3
3
5
1
4
2
2
4
3
2
6
3
2
3
5
6
4
3
5
3
2
0
3
2
2
1
6
4
4
7
1
3
6
10
1
1
3
8
0
6
2
3
5
3
3
6
4
5
1
3
3
7
3
1
1
2
1
5
2
4
5
5
4
4
1
3
3
8
3
9
3
1
2
1
2
4
2
3
3
2
2
1
2
3
2
7
4
7
4
4
3
5
3
5
2
4
4
6
5
1
4
2
2
5
5
3
3
2
1
3
4
2
5
4
2
4
6
6
3
3
5
6
4
6
6
1
0
3
12
3
4
6
1
1
4
3
2
5
4
4
5
3
2
7
3
2
4
1
5
6
3
1
1
3
2
2
2
4
4
7
5
2
4
6
4
6
5
5
4
3
2
6
2
2
4
6
4
3
2
2
5
5
4
4
4
1
1
5
6
0
4
2
2
6
6
7
4
6
3
5
5
3
2
5
1
4
2
3
8
4
4
2
3
2
2
4
3
4
6
1
4
2
4
0
5
5
3
3
0
2
3
5
4
2
7
2
3
5
3
3
3
4
3
6
7
4
3
1
3
2
1
4
2
3
4
2
3
3
1
3
4
1
3
3
5
3
1
2
5
4
8
3
5
9
4
2
3
0
3
8
3
1
1
1
4
4
4
4
1
6
4
7
3
8
3
4
8
6
4
6
1
6
4
3
4
5
8
2
2
4
3
3
4
8
8
1
2
3
5
3
7
1
3
3
3
3
2
2
2
3
6
2
2
8
4
5
1
2
9
2
8
2
0
3
4
2
3
3
6
6
0
7
2
4
3
5
2
4
2
4
7
5
4
3
2
3
6
2
5
3
3
5
3
5
2
7
2
2
3
3
5
3
3
5
3
4
5
3
0
5
4
1
6
3
0
4
3
6
2
3
1
7
5
4
4
4
4
3
3
5
5
3
8
2
1
1
1
3
6
4
3
5
3
3
4
3
5
5
5
2
4
10
3
8
4
1
1
6
8
5
4
3
3
2
6
3
7
4
2
4
4
0
5
1
3
3
4
4
3
3
1
4
3
7
3
3
3
5
0
5
3
3
3
6
1
6
5
4
1
1
4
1
4
2
7
4
5
5
6
3
1
5
3
9
3
6
6
4
5
3
4
2
7
5
6
3
7
6
4
3
0
2
0
3
0
4
2
6
5
2
4
2
2
6
2
3
7
5
1
1
3
6
3
3
6
3
2
3
2
3
6
7
3
6
1
6
4
5
5
3
3
4
6
5
4
6
8
1
4
2
4
4
9
4
5
5
5
4
5
2
3
6
4
5
5
6
2
4
6
3
4
8
5
3
5
5
4
3
3
2
7
4
2
7
5
6
4
3
12
2
3
2
2
8
5
4
4
1
5
1
3
8
6
3
5
4
8
6
4
5
4
3
5
4
2
5
6
6
3
3
9
11
2
2
5
3
2
3
3
9
4
4
4
3
4
3
4
5
2
4
5
8
5
7
6
7
6
6
5
3
5
2
5
8
6
4
3
5
4
2
3
2
8
4
7
3
3
5
8
4
5
4
4
4
1
2
2
5
4
4
7
6
5
5
7
4
8
4
0
4
6
6
5
7
4
4
2
5
5
6
6
1
6
7
1
3
8
5
7
4
8
3
4
4
4
5
4
4
5
3
1
7
4
11
8
2
5
4
5
5
2
9
1
3
1
8
4
5
5
6
5
5
7
2
3
6
7
2
3
10
4
0
4
3
5
6
7
5
2
6
5
2
6
3
6
4
4
7
5
5
5
7
5
2
5
1
4
3
5
7
3
6
6
4
2
3
9
6
4
3
4
8
1
5
4
3
10
7
2
12
3
3
6
5
3
2
4
8
6
3
5
6
6
4
4
6
3
5
3
3
3
3
5
6
3
7
2
4
3
5
5
5
3
5
6
6
4
3
2
7
8
7
6
4
3
5
5
7
3
5
6
11
10
5
12
4
3
1
9
8
2
5
7
4
6
3
6
7
2
3
2
9
9
6
6
4
9
3
4
2
8
2
2
3
2
5
3
7
3
6
8
1
0
5
4
1
4
4
3
6
7
7
3
5
3
5
5
7
3
4
2
2
9
6
3
2
3
11
3
2
2
6
4
3
5
2
3
3
5
3
2
1
2
7
5
8
2
7
3
6
4
7
3
4
3
3
8
2
2
8
2
5
5
1
7
3
3
3
7
7
7
8
3
6
5
2
2
4
4
7
2
4
4
6
2
2
4
8
6
9
9
4
6
4
8
5
5
6
11
9
8
5
5
1
5
5
3
6
7
2
5
7
5
5
9
4
3
4
9
8
7
8
4
7
4
3
3
7
7
4
3
3
5
8
4
4
8
3
6
6
8
5
5
4
7
4
5
5
4
5
4
3
4
4
8
6
4
5
8
6
0
1
10
2
3
6
10
12
3
2
2
6
5
4
2
4
8
4
3
8
6
5
7
5
6
5
7
3
2
4
3
3
5
7
5
8
9
2
5
4
8
4
5
6
6
3
8
4
4
4
7
4
5
3
7
8
8
5
2
4
7
2
6
1
6
4
11
3
3
5
6
4
6
5
7
8
7
7
6
4
7
6
4
6
8
5
8
3
9
8
5
8
4
8
2
6
4
4
7
7
7
5
9
3
4
6
9
7
4
9
8
8
7
6
5
5
3
6
6
6
9
6
6
6
4
5
4
3
9
8
4
8
8
4
7
9
9
8
6
7
6
4
8
7
7
4
2
6
7
6
5
3
11
3
5
10
4
9
5
2
6
7
4
3
3
8
6
6
5
3
3
7
6
6
3
3
11
3
12
5
6
2
5
8
9
2
6
3
4
6
7
4
8
6
8
4
6
4
3
4
6
5
7
13
4
5
5
2
6
0
8
6
2
10
5
3
6
4
3
6
4
5
3
4
8
8
10
7
7
8
6
8
3
8
4
4
4
5
8
2
4
10
8
5
6
4
6
7
4
8
5
4
5
5
8
4
7
4
3
2
4
10
9
10
11
4
9
7
12
8
6
11
8
9
5
10
6
6
6
7
5
3
6
8
4
5
3
4
6
5
8
7
11
7
6
7
6
8
7
7
6
5
4
3
7
6
2
5
5
10
5
5
7
9
6
3
5
4
4
3
4
5
3
8
3
6
5
6
7
5
5
5
3
4
4
5
7
2
4
11
8
10
9
4
5
6
3
7
12
12
6
4
3
7
5
3
1
12
5
11
6
7
5
4
8
6
7
7
10
3
7
7
10
5
5
5
9
4
10
9
3
4
6
2
6
4
7
4
6
6
7
4
7
4
6
5
8
4
4
1
4
9
3
4
7
7
11
11
8
12
7
7
5
6
7
7
9
8
7
5
6
5
6
6
9
5
10
5
3
4
6
5
3
3
6
9
8
7
9
4
7
5
6
12
6
5
8
4
8
9
8
7
3
5
2
6
5
9
3
2
4
4
11
7
5
6
2
8
9
12
6
5
6
6
8
8
4
8
8
10
4
11
6
11
9
10
7
8
5
1
10
4
5
10
9
7
7
11
8
8
8
8
10
11
8
4
8
8
9
5
5
9
3
5
7
5
6
7
6
6
11
4
5
9
5
5
6
6
10
6
8
7
5
8
10
6
4
4
7
8
4
6
9
9
8
9
8
7
6
5
9
5
5
8
10
8
3
4
11
7
7
6
4
8
9
8
9
11
5
4
10
7
8
7
8
9
5
6
9
4
4
9
11
9
7
3
7
5
7
2
7
9
1
10
7
5
7
7
5
7
6
14
6
8
7
4
8
2
5
4
9
11
8
6
9
8
7
5
13
4
3
15
8
12
6
5
8
5
6
8
7
5
7
8
10
4
5
4
6
5
2
6
7
4
7
8
3
9
8
4
5
9
7
11
4
4
2
6
5
6
15
6
3
4
7
14
9
9
2
12
7
6
8
4
6
7
6
3
4
4
9
8
9
4
10
6
7
8
13
7
10
9
7
7
8
11
4
2
7
11
7
9
4
8
7
8
5
5
8
9
3
5
2
5
8
6
10
8
4
8
4
3
5
5
8
8
8
10
7
11
7
5
8
5
3
5
4
9
9
14
4
10
6
8
6
7
10
6
13
9
4
9
8
3
9
4
10
8
11
13
8
7
5
10
7
6
2
6
12
6
10
6
1
3
11
4
6
4
9
6
7
5
8
6
9
6
3
7
5
13
13
8
4
8
7
6
7
3
6
3
12
8
10
11
9
4
7
7
4
10
8
2
5
4
3
3
10
11
4
11
6
7
7
9
8
9
12
7
5
3
9
12
7
5
5
6
4
6
2
6
14
7
6
4
13
7
6
5
9
14
1
7
8
8
6
3
5
7
7
9
8
8
9
9
10
4
7
6
10
13
6
10
12
9
8
5
11
10
12
13
5
6
4
14
6
5
9
11
8
4
7
6
9
10
11
9
11
7
9
5
7
7
8
6
5
6
13
6
13
11
3
6
14
14
7
12
9
11
17
2
9
11
6
9
12
7
9
12
9
9
8
8
8
8
5
8
13
5
7
7
8
3
12
7
5
13
9
10
13
4
12
7
10
12
10
6
8
5
11
3
14
11
7
12
6
8
10
11
8
7
11
5
9
9
10
11
5
11
6
8
9
6
12
10
5
7
1
6
9
6
9
5
4
9
11
6
4
4
9
2
7
7
6
1
3
9
5
6
7
7
8
6
4
17
12
9
8
8
8
9
14
12
7
13
11
7
4
9
5
6
9
16
8
6
3
13
11
7
7
17
9
9
8
7
8
6
12
5
13
11
10
4
16
7
12
14
17
8
14
14
6
8
6
8
11
8
9
9
13
10
8
10
6
5
7
6
11
10
6
9
16
11
7
10
7
7
12
10
3
9
5
7
11
11
13
10
11
7
7
8
8
10
9
9
11
8
5
13
11
6
5
7
11
10
8
9
16
7
11
11
7
9
10
14
15
10
5
13
10
8
7
11
10
12
4
8
7
6
10
4
10
7
7
5
5
8
8
13
10
6
12
8
15
14
7
5
11
12
5
5
16
7
8
7
8
8
9
9
7
7
7
6
13
11
9
10
11
12
6
3
5
10
7
7
11
9
8
11
9
10
10
10
14
9
12
9
13
5
9
6
9
7
7
11
4
11
7
10
9
11
10
12
9
2
12
7
5
6
12
14
13
8
7
9
6
18
6
12
9
10
7
6
7
10
12
9
6
12
8
13
14
14
9
6
10
12
11
7
4
8
12
14
10
4
7
9
15
12
6
4
12
11
7
15
6
11
8
9
6
5
10
14
10
5
11
9
8
5
12
9
10
10
7
8
8
16
10
12
6
6
9
8
14
9
12
8
12
5
12
9
9
6
8
8
9
15
13
13
9
8
8
14
8
16
14
8
8
9
8
16
8
1
14
10
9
8
11
11
7
11
16
7
4
7
12
12
9
1
18
6
11
14
7
10
3
6
6
6
8
13
21
10
9
9
7
15
11
12
12
21
11
12
11
6
5
9
13
6
11
18
11
6
5
9
11
21
7
15
6
4
7
5
8
11
5
7
13
4
12
12
7
9
7
6
7
7
2
12
10
6
9
11
9
11
5
14
14
11
12
8
3
14
14
6
9
10
8
11
14
10
17
5
12
9
8
11
7
12
9
9
15
9
13
4
14
11
12
14
7
8
10
7
7
6
13
15
8
10
10
7
11
10
9
10
18
12
10
13
10
10
11
11
3
9
10
12
10
19
4
10
11
18
8
7
6
9
15
8
8
14
9
12
14
6
11
5
10
14
11
10
11
7
7
16
10
6
12
20
10
8
9
15
10
7
12
11
20
10
10
13
7
10
8
16
14
14
6
13
10
17
8
17
11
7
17
13
8
9
11
19
11
9
22
17
6
5
9
9
5
10
12
13
4
9
4
4
11
16
20
4
11
4
12
9
9
11
9
14
6
18
13
2
12
9
13
6
11
8
11
7
8
10
8
11
13
13
13
7
8
12
16
15
15
7
8
10
11
14
9
7
4
11
5
6
10
13
10
9
11
10
11
10
5
13
11
20
12
14
11
9
9
12
16
12
8
10
11
9
20
11
8
12
15
13
9
9
10
17
6
15
12
20
4
7
7
17
14
10
12
10
12
8
13
9
6
15
7
14
10
14
12
6
17
19
20
14
10
4
7
12
11
13
8
8
12
12
18
6
11
5
5
19
14
9
5
15
9
17
11
19
7
11
13
11
7
7
15
4
11
14
21
12
20
11
12
8
16
12
12
11
12
13
14
8
16
18
7
9
14
11
10
13
10
8
9
16
9
4
10
10
23
11
13
9
12
8
10
7
14
10
17
8
8
15
16
11
18
15
13
9
22
15
10
7
8
15
8
14
14
15
8
13
9
9
22
8
10
10
6
21
23
14
15
18
11
12
13
11
18
10
8
18
16
17
20
12
18
11
9
15
9
8
16
16
16
16
12
8
22
12
13
10
20
14
12
19
16
10
16
9
14
16
12
15
14
11
9
10
17
13
16
18
12
17
10
4
10
12
16
17
12
16
18
12
12
14
12
22
16
13
19
15
16
10
10
14
19
18
7
12
15
15
9
9
14
15
12
20
17
21
16
15
17
13
15
12
20
17
7
17
15
12
11
6
11
21
7
14
14
13
11
14
12
12
14
11
10
14
14
12
8
13
10
16
13
10
22
15
9
13
14
13
24
13
12
11
13
11
13
16
12
14
16
8
14
17
17
20
17
10
14
14
19
17
9
19
18
14
14
14
10
12
15
13
14
9
10
10
12
9
16
11
14
11
11
17
11
28
19
9
12
10
11
17
8
15
15
15
23
11
16
6
15
17
17
14
16
13
20
13
14
15
7
15
10
19
18
27
15
8
18
9
7
12
22
21
12
11
11
20
12
9
9
19
10
15
16
15
14
16
19
16
10
19
15
17
8
13
14
7
14
9
10
16
16
14
16
19
13
2
9
11
13
6
18
4
13
16
19
11
21
8
11
11
20
19
11
17
13
13
15
6
16
19
18
12
24
14
12
18
11
4
8
22
28
14
17
12
15
11
11
17
13
16
9
16
11
13
12
21
11
10
7
15
12
4
11
14
11
12
26
15
15
12
7
14
9
13
18
20
12
20
22
17
12
33
21
15
13
15
15
19
26
11
27
10
13
14
20
19
16
13
8
12
13
17
21
22
17
19
18
17
10
11
24
14
15
19
14
13
22
17
14
21
15
10
13
13
17
11
18
22
20
14
16
20
22
22
16
31
11
21
19
17
13
15
11
26
16
17
15
20
21
19
14
13
25
17
17
12
20
26
8
18
17
9
12
17
10
14
15
4
23
17
12
15
9
15
17
17
14
31
16
19
6
18
24
20
12
19
23
27
19
11
18
33
16
9
16
9
15
24
22
20
18
14
14
13
20
12
14
25
18
8
14
8
17
17
18
20
17
26
10
25
17
23
22
17
23
18
15
15
19
16
10
22
24
17
19
18
17
20
18
10
18
19
34
12
24
14
13
21
21
24
20
24
23
15
12
14
17
17
14
19
18
12
14
20
14
14
19
18
10
26
18
12
22
20
15
15
25
21
12
27
15
14
15
16
19
22
19
10
20
24
17
28
22
25
24
12
11
26
23
12
17
13
18
16
10
11
21
14
31
20
11
14
22
10
21
20
16
16
15
10
18
8
16
26
17
17
9
13
19
18
23
15
10
13
18
14
16
16
22
18
15
24
21
15
15
20
18
17
26
14
18
12
18
17
21
15
17
21
15
21
25
11
8
12
28
17
15
14
15
15
18
25
11
28
17
16
21
15
25
16
26
15
21
25
11
18
27
19
23
24
28
11
21
11
14
22
24
17
21
24
23
17
17
29
29
14
13
22
9
27
24
17
18
30
13
14
13
22
17
13
24
29
26
14
12
27
31
25
29
13
15
19
19
24
32
12
14
19
11
16
22
25
30
17
8
31
23
13
22
20
13
22
10
22
26
14
17
21
23
25
19
22
26
22
22
14
21
23
24
28
22
24
20
30
9
24
19
27
25
19
23
29
12
24
24
35
18
21
16
14
16
18
15
16
24
24
19
40
7
16
19
27
18
14
14
20
15
22
14
15
23
18
22
25
15
8
32
17
17
18
19
10
19
23
20
21
15
14
18
18
11
24
21
14
19
18
15
14
24
16
21
24
18
23
15
20
24
27
17
20
11
19
32
6
20
20
30
24
25
11
23
16
22
29
24
30
28
37
23
34
22
12
21
17
25
30
14
19
19
25
26
29
31
22
29
16
16
16
19
40
20
17
21
27
22
10
21
23
27
31
25
18
24
27
17
16
29
16
33
34
30
32
15
31
23
19
23
27
18
14
21
12
20
13
16
20
20
29
12
34
17
19
24
14
24
27
24
21
18
20
23
31
28
20
21
28
21
26
14
23
24
18
16
23
19
19
18
23
28
16
13
23
25
21
17
32
31
20
12
25
21
21
34
31
19
14
15
30
40
18
26
18
25
28
26
15
19
35
22
29
21
28
19
19
23
33
22
18
29
16
39
40
29
16
31
18
13
20
20
29
18
28
28
23
26
32
23
17
19
22
21
17
13
19
17
25
29
23
17
25
24
23
19
23
28
15
24
15
21
30
21
34
32
14
22
21
25
45
20
14
24
18
22
24
25
30
28
16
26
22
26
27
24
27
37
12
19
21
18
19
23
26
24
13
24
18
22
22
18
24
18
26
16
25
23
25
37
35
22
22
26
33
23
27
31
17
13
29
18
22
37
22
22
28
31
29
16
37
39
26
15
32
21
27
26
38
20
27
36
24
22
16
23
19
20
35
27
19
19
15
27
22
24
25
22
39
16
29
40
34
33
32
24
16
29
22
31
12
33
17
25
24
20
20
35
22
25
35
19
34
22
16
21
22
26
14
21
32
24
19
41
26
35
27
33
24
34
33
20
34
34
16
21
17
21
26
21
22
28
19
30
23
22
23
30
18
21
28
27
34
31
21
25
39
32
38
21
27
19
15
21
48
24
22
15
30
19
23
19
30
33
30
20
29
22
20
17
29
29
27
28
22
27
25
30
32
18
15
13
21
25
34
30
25
31
29
29
28
33
12
18
36
27
31
32
36
37
38
24
16
14
27
14
17
23
25
37
38
30
34
42
35
31
27
16
56
13
16
34
27
25
27
44
45
23
26
26
41
28
25
31
20
20
35
33
25
23
26
26
36
21
22
30
41
27
35
26
44
46
27
25
42
12
28
14
33
30
18
21
24
31
21
10
22
27
28
23
18
26
31
37
40
29
35
26
25
19
29
18
35
31
22
25
26
32
31
22
15
31
25
31
31
37
25
20
23
21
31
24
35
39
23
16
27
43
44
28
34
32
16
34
30
27
26
24
24
23
25
24
27
28
32
31
24
41
33
38
46
38
15
32
47
23
27
35
29
30
32
16
26
44
30
30
39
37
25
36
26
40
21
27
31
18
35
32
38
21
24
26
34
40
27
36
33
26
25
35
40
38
42
20
31
17
33
19
40
20
35
33
21
18
37
27
33
29
32
40
32
30
41
32
26
44
37
27
46
30
29
35
29
31
35
22
31
55
29
29
33
28
32
32
36
26
24
33
30
27
41
45
24
30
29
27
29
30
31
27
40
27
29
34
43
45
48
30
41
23
37
39
34
23
18
36
52
41
44
41
22
25
33
23
26
34
31
35
22
21
38
24
27
38
34
37
34
46
27
36
39
38
31
26
31
58
37
38
32
36
