0
0
0
0
0
0
0
0
0
0
0
0
0
0
0
0
0
0
0
0
0
0
0
0
0
0
0
0
0
0
0
0
0
0
0
0
0
0
0
0
0
0
0
0
0
0
0
0
0
0
0
0
0
0
0
0
0
0
0
0
0
0
0
0
0
0
0
0
0
0
0
0
0
0
0
0
0
0
0
0
0
0
0
0
0
0
0
0
0
0
0
0
0
0
0
0
0
0
0
0
0
0
0
0
0
0
1
0
0
0
0
0
0
0
0
0
0
0
0
0
1
0
0
0
0
0
0
0
0
0
0
0
0
0
0
0
1
1
0
0
0
1
3
0
0
0
0
0
0
0
1
0
2
0
0
1
0
0
0
0
0
1
1
1
2
0
0
1
2
2
3
0
2
0
1
0
1
0
1
1
0
0
0
0
4
1
0
4
3
0
0
0
0
0
1
0
1
1
2
2
2
0
2
1
1
1
0
2
1
1
2
0
1
1
1
0
1
0
1
3
0
0
2
0
2
2
1
3
1
2
2
0
0
1
2
1
1
2
0
0
1
0
0
0
0
0
0
0
0
0
1
2
0
0
2
1
1
0
1
1
1
1
1
1
1
1
1
2
0
3
0
1
1
0
1
1
0
1
1
0
2
1
2
0
0
0
0
0
0
0
1
0
0
0
0
1
0
0
0
0
0
0
0
0
0
0
0
0
0
0
0
0
0
0
0
0
0
1
0
0
0
0
0
0
0
0
0
0
0
0
0
0
0
0
0
0
0
0
1
0
0
1
0
0
0
1
0
0
0
1
0
0
0
0
0
0
0
0
0
0
0
0
0
0
0
0
0
0
0
0
0
0
0
0
0
0
1
0
0
0
0
0
0
0
0
1
0
0
0
0
0
0
0
0
0
0
0
0
0
0
0
0
0
0
0
0
0
0
0
0
0
0
0
0
0
0
0
0
0
0
0
0
0
0
0
0
0
0
0
0
0
0
0
0
0
0
0
0
0
0
0
0
0
0
0
0
0
0
0
0
0
0
0
0
0
0
0
0
0
0
0
0
0
0
0
0
0
0
0
0
0
0
0
0
0
0
0
0
0
0
0
0
0
0
0
0
0
0
0
0
0
0
0
0
0
0
0
0
0
0
0
0
0
0
0
0
0
0
0
0
0
0
0
0
0
0
0
0
0
0
0
0
0
0
0
0
0
0
0
0
0
0
0
0
0
0
0
0
0
0
0
0
0
0
0
0
0
0
0
0
0
0
0
0
0
0
0
0
0
0
0
0
0
0
0
0
0
0
0
0
0
0
0
0
0
0
0
0
0
0
0
0
0
0
0
0
0
0
0
0
0
0
0
0
0
0
0
0
0
0
0
0
0
0
0
0
0
0
0
0
0
0
0
0
0
0
0
0
0
0
0
0
0
0
0
0
0
0
0
0
0
0
0
0
0
0
0
0
0
0
0
0
0
0
0
0
0
0
0
0
0
0
0
0
0
0
0
0
0
0
0
0
0
0
0
0
0
0
0
0
0
0
0
0
0
0
0
0
0
0
0
0
0
0
0
0
0
0
0
0
0
0
0
0
0
0
0
0
0
0
0
0
0
0
0
0
0
0
0
0
0
0
0
0
0
0
0
0
0
0
0
0
0
0
0
0
0
0
0
0
0
0
0
0
0
0
0
0
0
0
0
0
0
0
0
0
0
0
0
0
0
0
0
0
0
0
0
0
0
0
0
0
0
0
0
0
0
0
0
0
0
0
0
0
0
0
0
0
0
0
0
0
0
0
0
0
0
0
0
0
0
0
0
0
0
0
0
0
0
0
0
0
0
0
0
0
0
0
0
0
0
0
0
0
0
0
0
0
0
0
0
0
0
0
0
0
0
0
0
0
0
0
0
0
0
0
0
0
0
0
0
0
0
0
0
0
0
0
0
0
0
0
0
0
0
0
0
0
0
0
0
0
0
0
0
0
0
0
0
0
0
0
0
0
0
0
0
0
0
0
0
0
0
0
0
0
0
0
0
0
0
0
0
0
0
0
0
0
0
0
0
0
0
0
0
0
0
0
0
0
0
0
0
0
0
0
1
0
0
0
0
0
0
0
1
0
0
0
0
0
0
0
1
1
0
1
1
0
0
1
0
0
0
0
0
0
0
1
0
0
0
0
0
0
0
0
0
0
1
0
1
0
1
0
0
0
0
1
0
1
0
0
1
0
0
1
0
0
1
0
0
0
1
0
1
1
0
0
0
1
0
1
0
1
1
0
1
0
0
1
1
1
1
0
1
1
0
0
1
0
1
1
1
0
1
0
2
1
1
0
1
0
1
0
1
2
1
0
0
1
0
2
0
1
0
2
2
1
0
0
0
1
1
1
0
0
2
1
1
1
1
0
1
1
2
3
1
3
0
0
1
0
1
0
0
0
0
1
2
2
2
4
1
1
0
2
2
4
1
1
5
0
2
2
1
2
2
4
1
0
5
1
2
2
3
3
1
5
2
0
0
1
2
0
4
0
5
0
3
1
2
2
2
1
1
1
1
3
4
7
2
2
4
2
2
2
0
3
4
2
3
3
3
2
1
4
3
3
2
2
0
3
2
5
4
3
6
6
4
3
3
3
6
6
3
6
7
3
4
4
8
6
2
9
1
2
2
2
4
2
6
3
4
6
1
5
2
4
2
4
5
2
4
4
3
4
3
3
6
3
8
1
7
1
9
6
4
5
1
9
0
1
6
1
2
1
5
2
7
5
6
4
4
4
5
5
7
2
6
5
10
5
9
5
5
1
8
4
8
1
5
8
13
6
5
4
8
3
8
3
4
5
7
6
5
7
4
8
6
1
9
6
9
10
6
8
4
10
7
3
6
5
12
9
12
10
7
5
8
2
5
5
9
7
9
4
10
5
7
10
12
9
5
5
8
7
5
4
8
7
5
6
7
2
8
6
6
9
9
13
4
6
13
5
7
10
9
8
9
8
11
10
8
8
4
6
4
10
7
8
7
6
10
10
14
11
9
8
10
6
13
4
9
10
14
6
7
9
5
10
4
2
6
5
11
4
5
7
4
6
8
13
12
9
12
6
9
8
10
5
14
19
9
15
6
15
9
5
10
13
15
10
8
6
12
5
12
16
13
8
12
9
16
10
14
11
7
14
9
13
17
11
7
5
21
9
10
9
6
9
16
4
11
14
11
17
12
6
10
8
19
15
12
15
11
8
14
11
13
17
17
21
12
9
12
9
11
10
11
10
13
8
13
11
11
9
8
14
13
16
6
8
12
10
19
10
15
15
11
12
9
18
10
10
9
11
19
11
11
18
16
9
11
15
13
12
12
18
15
14
23
16
10
9
18
19
15
12
17
10
13
16
11
13
9
10
14
14
11
10
23
20
16
11
8
16
14
21
12
13
21
6
15
21
9
13
11
14
24
21
14
8
23
10
10
12
26
12
10
12
13
22
15
20
16
22
27
21
15
18
16
13
11
18
11
15
23
26
21
26
16
24
20
32
22
11
25
18
26
20
14
22
17
13
22
16
24
15
16
16
19
14
18
14
14
23
15
14
23
16
18
13
8
17
18
18
20
16
11
15
25
16
12
23
22
23
22
17
23
21
14
18
25
17
21
17
22
24
12
15
17
18
19
17
17
20
17
15
26
18
8
18
18
14
23
18
24
30
17
43
20
19
17
24
17
21
15
15
23
19
20
16
21
24
15
19
18
17
26
22
21
24
21
24
16
14
15
16
31
18
13
18
16
23
24
21
18
21
19
21
27
31
19
14
31
20
35
18
34
19
21
29
18
26
28
31
39
14
27
27
25
18
22
29
22
20
24
17
26
15
40
29
25
29
21
21
26
29
30
13
15
30
32
33
25
27
31
35
22
11
31
17
32
23
23
24
20
13
24
31
25
28
22
17
38
14
26
32
36
30
36
47
28
29
29
41
30
27
36
29
32
22
35
31
26
36
36
25
27
26
28
41
29
27
27
26
36
32
40
27
31
17
31
39
30
28
30
37
31
41
36
32
49
18
34
28
16
25
25
21
29
36
20
28
22
38
27
40
39
41
23
29
46
48
41
29
45
34
20
41
20
33
48
38
42
43
32
34
29
40
49
34
33
37
33
33
33
45
42
49
44
31
38
35
47
29
39
34
60
33
56
46
48
38
44
16
39
57
46
38
50
38
41
34
47
45
60
48
27
46
70
36
43
74
40
55
62
36
46
53
54
26
48
72
50
67
73
68
51
40
57
37
69
79
59
65
70
63
22
28
44
39
40
59
70
64
45
56
43
53
66
96
49
57
63
45
93
48
65
42
76
70
88
26
31
63
32
48
52
48
59
32
45
42
109
51
50
42
40
67
83
48
34
77
126
56
131
106
54
77
105
62
67
86
58
63
81
74
113
49
127
47
88
117
165
151
73
101
69
56
70
101
133
38
120
112
86
91
64
234
189
159
225
141
127
63
112
142
100
67
93
251
173
175
82
220
269
147
130
50
118
152
111
113
120
282
158
47
86
101
70
76
109
81
79
90
59
57
39
91
132
163
165
91
93
91
51
69
110
151
88
83
65
178
152
112
97
191
198
160
191
156
113
141
132
98
86
49
70
70
73
83
63
78
33
84
87
43
63
67
79
45
46
70
66
38
84
76
62
56
34
103
69
94
86
111
77
144
174
110
373
330
114
76
69
70
94
64
73
66
65
112
52
66
62
63
166
52
186
216
54
67
115
86
85
85
79
86
77
58
45
105
62
86
82
61
96
89
78
61
88
50
65
66
105
87
39
80
82
76
106
90
98
93
225
70
71
92
179
99
48
95
99
43
84
49
123
88
122
91
105
76
65
60
62
65
89
91
98
91
79
73
74
69
145
69
96
96
114
110
71
93
120
100
144
88
91
107
137
110
83
83
103
115
80
72
119
116
98
62
165
64
190
86
58
55
153
60
73
99
65
85
68
161
88
92
132
64
98
122
93
110
84
117
49
96
88
109
64
53
86
74
89
119
83
42
71
92
108
97
105
85
130
158
100
149
102
139
147
116
113
77
137
103
109
172
101
145
128
66
127
125
106
71
138
70
63
62
107
136
88
78
92
107
105
72
78
125
140
71
59
152
75
126
115
133
68
196
118
56
113
66
188
105
165
126
104
125
116
128
123
143
79
64
96
109
125
83
146
126
160
87
117
277
114
73
133
85
118
167
78
80
140
91
97
93
127
83
177
142
102
74
109
161
112
132
175
107
109
121
167
114
108
103
115
125
108
157
92
135
115
84
147
139
144
122
179
143
143
212
176
139
133
290
149
170
229
233
143
158
277
181
87
202
162
181
207
131
133
126
115
183
229
162
328
299
225
159
296
252
94
212
107
114
110
129
121
145
125
82
379
143
140
198
370
168
170
223
154
135
175
101
97
144
250
131
142
78
56
89
173
346
90
126
102
123
277
271
211
335
120
126
109
233
211
149
93
148
94
109
91
126
78
56
138
82
176
56
230
143
145
133
83
81
95
76
388
208
99
109
49
130
216
115
126
82
155
98
124
119
100
111
81
106
108
76
382
108
159
59
187
177
118
194
84
178
101
188
132
161
126
168
111
166
217
111
127
150
110
95
129
134
109
118
126
87
131
111
83
62
141
111
137
141
204
233
99
157
153
146
86
228
108
162
101
157
200
180
82
150
150
202
178
166
143
191
162
264
165
104
147
148
155
319
174
177
141
248
200
209
105
130
114
232
202
249
98
463
259
138
221
245
130
209
162
118
180
65
132
179
133
132
174
226
113
288
112
99
426
238
142
134
163
93
113
166
98
124
107
92
79
79
125
145
79
78
101
141
93
93
75
63
118
107
136
118
168
90
122
54
114
153
71
145
138
101
152
127
108
120
195
112
165
149
100
194
127
94
116
159
206
166
183
84
83
178
138
122
105
100
71
154
169
115
69
165
135
87
95
76
108
116
147
166
165
112
154
130
190
179
135
127
67
104
103
136
181
54
119
119
125
183
148
171
148
163
72
85
98
147
162
134
121
206
83
94
130
179
211
82
110
71
115
125
152
188
151
219
167
161
187
163
281
154
169
143
188
256
250
191
193
251
100
85
164
131
86
84
155
67
88
72
148
60
108
173
88
109
48
65
123
84
95
87
165
120
85
83
26
74
91
47
102
44
50
58
125
52
93
72
161
59
88
81
58
37
45
33
56
34
101
37
82
36
28
78
48
41
101
64
65
75
80
40
66
39
55
40
111
63
55
50
71
46
28
49
35
74
49
85
142
72
68
35
60
51
25
54
64
100
59
48
46
61
56
65
62
75
66
44
48
38
43
29
41
29
47
27
45
88
24
29
52
50
30
33
40
35
70
40
51
22
80
35
25
25
46
56
37
48
38
16
20
31
26
52
28
106
29
68
37
56
51
64
49
22
65
51
36
36
57
67
34
109
56
48
51
21
51
19
36
45
89
52
29
24
97
41
99
67
80
61
150
29
31
58
23
34
33
79
52
22
21
97
12
19
17
19
130
105
36
58
33
28
48
33
13
17
42
27
21
23
19
15
9
13
14
15
18
14
13
16
18
15
15
12
17
13
9
11
10
10
14
16
13
10
12
14
15
12
9
18
9
11
13
16
11
7
12
11
14
15
12
15
13
11
14
8
7
13
10
12
13
14
13
9
12
8
11
6
8
8
10
7
14
10
9
7
11
10
11
10
12
16
12
8
6
9
9
6
8
5
8
11
14
12
8
4
8
10
12
13
10
10
8
5
8
5
9
9
10
5
7
5
6
7
5
6
4
9
6
7
7
9
6
3
6
6
7
9
6
8
9
6
7
7
10
10
11
7
6
5
5
8
1
9
5
8
6
3
8
10
10
11
9
9
7
7
7
5
9
5
7
6
4
3
5
6
8
4
4
5
7
9
5
9
6
4
6
7
6
8
5
5
3
4
4
7
4
8
3
4
7
4
4
6
3
11
3
5
1
7
6
7
3
4
3
4
4
4
3
5
0
2
5
10
2
9
5
4
3
6
4
4
7
5
7
4
3
5
5
4
1
1
4
3
3
4
7
3
3
3
5
2
4
5
5
3
5
2
3
8
1
3
3
3
5
1
5
6
3
2
6
6
3
4
3
2
5
6
4
2
5
3
6
4
7
4
5
2
3
3
5
1
3
4
4
2
3
3
4
3
6
2
3
5
4
4
5
0
6
0
4
2
7
2
4
3
2
1
2
2
4
4
1
3
3
2
5
1
1
3
4
4
4
3
4
4
2
7
3
4
4
4
3
4
3
2
3
4
3
3
1
3
3
3
2
2
2
1
3
2
4
2
4
3
3
7
1
5
6
2
3
4
3
10
3
4
1
4
8
0
1
6
4
2
1
5
5
2
6
2
1
7
2
6
5
1
3
1
4
4
6
2
4
5
3
4
6
2
2
2
1
3
4
1
1
3
4
3
3
2
5
7
3
2
0
5
2
3
2
2
2
6
3
4
5
5
2
7
3
3
5
2
6
5
5
3
7
3
4
4
2
3
1
4
3
4
0
4
6
2
5
3
3
2
4
3
4
1
3
2
4
1
4
3
4
3
5
2
1
0
8
3
0
2
5
3
3
2
2
2
2
1
3
4
3
2
1
4
2
1
2
4
3
0
1
1
4
0
4
0
4
2
1
5
3
1
3
3
5
3
2
3
5
2
0
1
5
5
4
3
1
2
1
1
6
2
1
4
2
3
3
4
4
4
2
2
3
3
4
6
2
4
0
2
3
2
4
1
1
6
5
4
5
2
2
4
5
1
1
1
0
4
2
1
4
4
0
3
4
6
1
1
1
3
5
2
3
4
2
3
5
1
3
1
5
2
3
2
5
3
2
3
0
3
6
1
3
1
0
0
2
4
5
4
1
0
1
3
0
2
2
3
3
1
3
4
1
3
0
1
2
3
2
3
0
3
5
5
0
5
3
4
4
1
2
5
4
4
2
2
4
1
4
2
0
3
2
8
0
2
2
0
2
2
2
0
3
1
2
4
5
1
1
2
3
1
4
7
6
3
2
3
1
3
2
1
3
1
2
3
1
4
3
5
0
2
0
2
6
1
4
2
2
2
4
3
4
3
4
3
4
1
4
4
3
1
0
4
5
2
2
4
5
2
3
3
3
2
0
2
1
3
4
2
3
2
2
2
3
7
3
3
4
3
1
1
4
2
1
1
4
2
2
1
1
6
1
2
3
3
3
2
4
0
5
5
1
2
0
5
2
3
2
1
4
1
2
1
2
4
3
2
3
1
1
3
3
6
3
2
2
1
3
1
4
4
0
1
7
3
2
1
1
5
6
2
2
2
2
2
7
3
4
2
1
2
1
5
3
4
3
1
3
1
6
2
5
0
1
2
2
5
5
3
3
2
2
2
0
3
2
2
1
3
3
1
3
5
4
2
1
3
2
4
6
2
4
3
1
1
1
6
3
3
1
1
6
6
2
3
4
3
4
0
2
2
2
7
7
3
1
3
2
7
4
5
1
5
5
6
3
5
5
5
3
3
3
6
4
1
2
5
2
5
4
3
3
2
4
6
5
2
4
3
2
3
3
2
3
2
1
2
1
4
3
3
4
1
3
3
1
1
2
4
3
3
0
3
3
3
3
0
7
4
2
4
3
1
2
3
2
1
2
2
2
3
4
3
2
4
3
0
0
2
3
1
5
4
3
1
1
2
4
0
4
1
2
2
4
5
2
4
2
1
4
5
3
1
4
3
3
2
7
6
1
4
3
2
4
3
1
2
2
4
2
3
0
1
2
1
4
1
3
1
5
3
3
1
6
1
2
3
4
2
2
2
4
6
3
4
1
2
3
2
3
3
2
4
3
3
3
2
4
3
0
2
4
0
3
4
2
3
5
1
2
1
5
5
4
1
3
0
5
0
5
3
3
4
6
5
3
1
0
3
2
3
2
4
2
5
2
2
2
2
4
3
3
7
1
3
4
2
3
4
4
3
2
3
4
2
4
0
3
2
5
9
4
0
3
4
1
2
6
1
5
2
1
2
4
2
2
3
1
2
3
3
4
2
1
1
4
1
0
4
4
3
4
4
4
2
4
1
2
4
4
3
5
2
1
5
2
1
3
4
1
3
3
4
2
1
1
1
4
3
3
4
6
3
1
2
4
3
2
4
0
3
3
5
5
6
4
3
3
4
6
1
2
2
4
2
5
3
3
2
2
3
2
1
3
5
2
3
4
2
5
2
2
1
6
2
2
3
0
4
4
2
1
7
3
1
2
0
5
2
4
2
3
0
2
1
1
0
4
4
5
3
2
2
3
2
5
3
4
2
2
3
3
3
2
3
2
2
4
1
2
2
4
3
3
1
1
3
0
4
3
0
4
4
2
3
1
2
3
1
2
4
2
2
2
1
2
2
4
1
0
2
3
2
5
1
2
2
3
3
1
2
1
2
3
1
3
2
0
1
3
3
3
4
4
1
1
2
2
3
3
2
4
2
2
4
1
2
2
0
4
0
2
6
5
1
3
5
1
3
3
1
0
4
4
3
3
3
2
5
2
1
3
2
3
3
1
2
2
5
0
4
2
0
5
2
4
0
3
3
2
4
0
0
4
1
1
1
0
4
3
1
1
3
6
2
4
4
3
0
3
3
4
2
5
1
3
4
1
3
2
4
3
3
3
2
2
3
1
2
1
3
2
0
1
1
1
2
1
4
3
1
0
7
6
2
1
3
1
2
0
3
4
2
1
1
4
4
5
0
4
3
3
5
4
5
0
2
3
4
0
2
5
2
1
2
2
1
2
2
0
3
2
5
3
2
2
1
5
2
6
3
5
1
3
1
3
4
0
6
2
2
2
3
4
0
3
5
3
3
4
2
1
3
1
1
4
4
2
2
2
0
5
2
2
1
2
0
1
3
3
4
3
0
2
1
1
2
3
2
1
4
3
1
2
0
4
2
0
2
4
5
0
0
0
3
6
0
4
0
2
6
2
2
2
0
3
3
4
4
1
3
3
3
1
0
5
0
4
3
3
1
3
2
1
2
0
5
1
2
3
0
2
2
5
0
2
1
4
2
2
4
2
1
3
2
4
4
1
3
5
1
2
1
5
1
3
2
0
2
1
2
4
3
4
1
3
3
3
0
1
2
3
4
3
3
6
2
4
0
6
3
5
3
4
3
2
2
3
3
2
3
3
4
2
2
2
2
4
4
1
1
2
1
5
2
3
3
0
2
6
6
3
2
2
7
1
2
1
2
4
4
2
2
4
2
0
2
5
3
3
5
2
2
2
6
4
4
2
0
4
1
4
4
2
5
1
2
4
2
0
1
3
5
3
4
0
6
3
1
3
2
1
5
1
0
4
2
4
1
1
3
1
1
3
4
4
1
4
2
1
2
6
2
4
5
0
5
3
3
3
1
3
2
2
2
3
4
1
4
3
5
5
2
2
4
3
2
1
4
2
3
1
3
0
2
2
1
4
6
2
2
1
3
2
2
2
2
2
0
3
3
3
4
3
0
1
0
4
6
0
2
2
3
2
3
3
4
1
2
3
1
4
8
4
3
3
3
3
3
3
4
1
1
3
4
5
1
1
5
1
0
6
2
2
4
1
1
2
4
5
3
3
2
0
2
1
3
3
3
2
3
5
2
6
3
2
1
3
0
3
3
1
3
3
6
1
1
3
3
1
2
1
3
1
3
2
3
4
0
2
3
1
3
1
3
1
1
6
8
2
4
6
4
3
4
3
0
4
2
4
0
3
1
3
3
5
2
2
3
3
4
2
1
2
3
3
3
7
2
2
2
6
2
5
3
3
1
3
2
4
4
3
2
4
0
2
0
3
3
1
2
3
4
3
3
5
4
1
0
0
2
4
4
2
3
2
1
3
1
5
1
3
2
0
0
1
3
3
2
3
2
2
4
3
2
5
4
2
4
1
3
7
7
4
0
4
5
2
8
6
5
2
2
4
1
1
4
4
5
3
1
3
3
3
1
2
4
0
1
5
4
5
2
8
3
3
3
2
2
2
2
4
6
0
4
3
0
4
4
2
0
2
3
4
2
1
7
2
2
3
1
2
5
5
8
1
1
3
2
2
3
2
3
0
5
2
4
3
1
1
5
3
3
5
0
1
3
1
2
2
4
2
3
4
2
2
2
1
1
4
5
6
3
3
4
3
2
3
5
2
5
6
3
1
2
3
6
2
2
4
6
6
0
4
3
3
1
2
2
0
1
0
1
5
1
2
6
2
3
7
3
1
5
1
2
3
1
5
3
1
3
5
2
4
0
2
1
0
4
3
2
4
2
1
4
4
7
7
3
4
2
3
4
6
3
4
3
4
3
2
2
6
3
1
3
0
4
1
5
6
3
5
5
3
3
2
3
5
1
4
3
2
1
3
3
3
4
4
4
3
1
4
4
4
1
3
4
2
2
2
3
4
5
1
4
1
3
2
3
3
3
4
3
1
4
1
0
5
2
0
3
3
7
2
0
1
5
5
4
3
4
2
1
5
1
2
2
1
5
2
3
4
6
2
4
3
2
2
2
1
0
3
3
4
1
2
3
6
1
2
0
8
2
0
4
3
3
2
3
3
5
4
3
3
2
6
2
2
3
4
4
7
5
2
4
4
5
5
2
3
1
1
5
2
4
2
8
1
2
0
4
3
3
2
1
2
2
7
1
3
2
5
1
5
0
2
1
2
6
5
5
3
2
4
2
2
3
2
5
3
6
3
3
1
1
1
4
3
1
3
0
2
2
2
5
1
1
3
1
4
4
0
2
8
1
3
5
3
5
2
2
2
2
2
2
2
4
3
7
4
4
1
4
4
3
4
3
4
1
3
5
5
4
4
2
1
4
2
2
6
3
3
2
1
4
3
2
1
7
8
5
2
3
0
2
0
4
4
4
2
1
4
3
3
2
4
3
4
3
0
4
4
3
3
2
3
3
0
3
3
4
4
4
2
2
5
0
4
7
2
2
4
4
4
4
2
3
4
2
3
2
3
2
5
2
1
3
1
2
2
2
2
1
2
2
0
2
2
4
4
4
1
0
2
5
0
2
3
4
5
3
3
1
2
3
3
3
3
1
2
5
3
4
3
3
2
2
4
5
0
0
1
0
5
4
2
1
2
3
2
5
5
1
2
2
2
1
2
4
4
4
5
5
3
3
3
4
4
1
3
3
3
3
2
1
3
1
4
2
2
4
6
3
4
3
5
4
7
6
1
0
2
1
2
5
4
1
1
5
3
3
1
4
3
6
0
4
5
7
3
5
8
4
2
5
6
1
1
0
1
1
3
2
4
4
5
6
3
4
5
9
1
4
2
3
4
3
4
6
2
6
1
5
6
4
7
8
2
10
3
2
2
5
1
3
1
4
5
4
6
4
1
2
3
5
9
2
6
7
5
2
2
1
3
3
9
3
2
3
6
6
4
3
3
2
2
3
3
6
3
3
6
4
3
3
6
4
4
2
4
0
3
5
3
6
3
5
3
3
4
3
2
7
2
5
7
3
6
8
5
6
5
4
5
2
4
3
4
3
4
4
6
3
6
4
7
3
4
3
4
2
2
2
5
4
3
3
3
8
3
1
3
6
4
5
4
3
4
5
4
2
5
4
6
0
4
6
5
2
3
5
4
6
3
4
7
2
3
4
4
3
6
4
5
3
4
7
8
4
0
5
2
3
1
4
2
4
4
4
5
4
8
8
4
5
6
5
1
3
2
3
4
3
3
6
6
4
6
10
6
5
1
4
6
4
2
5
2
3
4
3
1
4
9
3
4
2
2
1
7
7
4
11
5
4
2
2
1
9
2
3
0
4
4
6
3
8
4
0
3
0
2
6
3
2
4
5
4
3
11
10
4
5
6
10
4
5
5
6
2
5
5
1
4
4
3
3
7
3
3
3
3
3
4
4
0
1
5
2
2
4
2
4
6
6
3
4
6
6
4
7
5
2
4
3
4
8
3
8
1
5
5
6
5
3
3
5
3
0
6
4
5
5
6
5
7
7
1
4
7
4
3
3
3
5
2
2
3
6
4
5
0
2
3
3
3
5
5
4
1
2
4
4
4
3
5
4
2
6
2
8
6
3
6
5
2
2
6
5
4
2
3
8
9
7
5
1
6
5
4
5
3
2
6
7
6
2
4
2
2
4
2
3
3
8
6
5
4
3
3
7
5
7
5
2
5
7
2
10
3
1
5
3
6
3
5
3
5
2
5
5
5
7
2
8
6
3
8
4
2
4
6
1
3
0
5
6
2
3
6
4
7
0
4
5
5
5
2
4
3
0
8
6
4
2
7
6
3
2
2
4
4
4
4
5
2
4
3
5
2
8
5
7
5
4
5
6
5
5
5
2
4
9
1
1
7
7
6
5
2
4
0
5
5
5
6
4
7
3
4
2
4
3
4
6
6
6
9
4
5
5
2
4
4
4
5
3
4
7
6
1
3
3
6
4
4
7
3
6
3
2
4
3
5
4
5
3
3
7
7
1
2
5
1
2
7
3
5
1
5
5
3
8
5
6
4
5
7
4
3
5
7
4
5
3
3
4
5
6
5
3
8
6
5
4
3
5
4
6
4
7
8
4
3
4
3
6
7
6
2
3
10
2
4
6
2
5
5
6
8
7
5
6
5
4
7
9
5
6
8
7
7
6
3
6
6
2
4
4
1
5
8
3
3
7
4
2
6
4
3
4
11
10
4
8
6
8
6
6
3
6
3
6
4
6
3
5
8
7
5
5
7
7
4
8
0
4
3
6
3
3
4
4
5
8
4
7
7
4
4
5
6
5
1
7
6
1
5
4
4
3
4
2
5
2
5
6
5
5
5
5
6
5
8
5
6
6
1
4
6
8
4
7
4
3
7
4
8
5
7
7
3
9
3
1
5
1
3
3
6
4
3
4
5
5
1
11
3
3
7
4
2
5
4
2
3
4
4
1
1
1
6
5
3
4
3
3
5
6
5
8
3
6
2
2
11
6
4
7
5
4
3
5
2
8
1
6
2
3
6
2
5
7
6
10
3
6
5
5
4
6
7
6
5
9
1
5
6
3
1
4
10
2
4
8
8
6
8
6
1
4
8
6
4
5
2
4
8
2
5
5
9
10
6
3
1
3
8
10
7
5
9
3
2
10
2
4
2
4
5
7
3
2
4
5
8
5
5
3
4
6
5
5
5
6
5
8
4
4
9
3
5
3
7
2
0
6
7
4
5
3
4
0
2
8
6
5
6
5
0
5
4
5
9
2
8
3
10
5
6
4
5
2
1
3
2
3
2
5
4
5
5
5
8
4
1
9
3
5
1
1
6
8
4
2
6
7
3
8
5
9
4
6
3
4
5
3
3
5
4
5
6
5
5
5
5
2
5
4
5
3
2
9
4
4
4
1
3
8
3
4
2
5
4
0
3
7
4
9
6
11
9
7
4
7
6
4
8
4
4
7
3
7
4
3
9
3
7
9
7
7
4
7
9
4
10
9
1
2
4
8
4
7
7
4
4
6
8
1
3
9
5
6
6
8
4
2
5
7
5
3
3
6
5
7
7
3
7
5
8
3
5
6
4
7
2
6
3
1
6
6
3
6
5
4
6
10
5
4
4
5
3
11
6
5
3
7
4
2
7
5
7
9
7
7
3
4
6
5
4
10
7
6
3
11
3
5
1
6
6
3
8
10
5
7
5
4
7
11
3
6
2
6
6
2
6
2
7
9
4
8
8
2
8
7
2
6
6
5
6
6
2
9
6
6
6
5
4
8
4
0
5
5
6
7
4
7
4
6
4
10
4
4
4
6
7
3
6
7
4
8
9
7
8
5
4
7
5
9
7
8
3
2
4
5
4
7
4
4
9
6
2
7
6
10
7
3
9
8
6
4
3
4
6
8
5
4
3
3
10
6
7
7
8
10
7
10
2
4
7
3
2
7
8
8
4
8
6
3
7
7
5
3
7
7
3
5
6
8
5
16
3
6
10
7
2
3
3
11
3
3
5
3
5
4
11
4
9
7
8
8
7
4
11
9
3
1
9
7
3
6
6
5
7
7
5
2
9
5
5
5
7
11
9
3
7
6
3
8
6
4
9
4
8
7
6
7
6
4
7
7
9
3
6
5
3
9
5
8
7
3
9
6
4
6
4
6
4
8
6
3
8
4
3
6
7
5
9
10
6
3
4
8
5
6
4
3
4
11
9
3
9
6
8
7
12
5
4
9
3
6
6
10
6
3
6
9
8
5
3
8
5
11
8
2
10
11
6
7
3
11
6
4
3
5
8
1
6
11
8
7
8
8
5
12
5
5
3
8
8
9
6
5
5
7
1
6
11
6
6
6
9
9
6
6
4
12
6
6
6
3
8
6
7
5
6
5
6
4
7
8
6
1
6
6
3
6
8
10
8
3
1
5
12
6
4
6
4
4
2
5
3
2
9
4
5
1
7
10
4
4
5
5
7
5
6
6
7
3
4
3
5
6
5
7
3
5
7
1
4
1
9
3
3
9
4
8
9
8
4
12
3
12
5
2
5
4
4
5
3
8
6
3
7
3
10
11
4
12
4
7
7
9
6
9
5
4
4
8
5
9
4
6
6
4
4
4
5
6
6
8
7
2
5
7
2
3
8
5
4
11
6
5
3
5
8
10
5
8
6
7
6
4
4
9
3
14
6
9
9
6
14
6
5
9
6
11
6
8
5
6
7
3
7
10
9
6
3
4
7
7
6
7
13
10
8
9
8
7
11
5
6
12
6
6
7
7
4
4
9
7
7
1
7
6
4
7
8
3
6
6
5
6
4
3
5
6
9
6
5
6
4
6
5
6
5
7
8
4
8
11
5
6
6
8
6
4
10
6
7
2
3
6
7
6
4
8
9
4
8
10
6
10
4
5
7
7
8
7
4
2
6
6
9
6
6
12
6
5
7
5
11
4
10
4
9
7
5
3
3
4
7
7
6
13
7
7
6
3
13
12
8
10
5
10
3
7
5
4
4
10
7
6
6
5
5
5
10
7
6
4
10
9
6
6
6
7
2
7
8
5
14
3
7
8
9
9
8
9
7
5
4
6
3
9
9
7
4
6
10
3
9
5
11
10
8
3
7
8
7
5
7
10
7
7
2
6
4
6
12
9
7
10
6
7
10
6
8
8
7
5
12
4
6
8
9
6
12
11
9
8
6
6
4
9
9
13
2
2
5
10
6
8
7
7
1
3
10
3
7
4
4
11
8
7
6
11
5
4
10
7
8
10
10
9
8
5
5
7
8
4
6
6
5
8
5
10
7
9
3
9
12
10
6
5
5
8
6
8
9
9
2
5
5
5
5
11
6
6
2
7
3
8
7
6
4
6
1
9
5
10
2
6
6
10
10
8
8
4
11
9
10
9
5
8
6
7
7
8
5
10
3
5
6
6
5
5
4
3
11
8
2
6
5
11
11
10
9
7
6
5
3
5
10
5
13
9
6
2
6
5
11
8
8
11
7
4
11
9
11
15
8
5
5
6
8
7
8
9
7
6
8
6
7
9
7
9
4
5
8
6
6
9
7
8
16
10
3
11
6
7
7
9
8
6
8
10
6
4
8
11
5
6
8
7
5
3
10
6
5
8
4
10
8
8
11
8
5
7
5
8
8
9
6
5
7
8
7
5
8
17
7
5
6
13
3
4
9
4
8
3
10
8
16
8
5
8
6
7
4
5
12
6
6
8
3
7
3
8
6
10
10
10
3
12
9
4
4
11
5
8
4
10
12
4
12
7
16
12
4
8
10
9
7
3
10
9
9
5
7
6
3
8
12
8
5
8
7
1
13
6
6
7
7
3
4
9
5
7
7
2
7
9
7
3
5
11
13
3
4
12
5
8
9
13
8
5
4
6
9
8
10
11
9
4
12
4
7
8
10
6
14
8
2
4
9
8
12
9
7
6
8
14
6
8
7
6
8
3
8
7
9
10
10
11
8
6
8
13
11
9
14
8
9
11
7
9
6
10
10
11
8
11
1
9
5
8
10
12
9
8
7
13
8
10
10
6
6
3
5
5
5
9
12
8
3
4
9
10
6
4
7
6
9
9
7
7
4
8
10
4
13
6
9
11
9
7
9
8
7
6
8
8
8
9
8
7
9
10
11
6
5
6
5
8
12
16
5
8
2
9
8
10
6
11
10
12
5
6
6
11
7
8
13
10
4
10
10
9
2
9
9
14
7
8
9
9
4
4
8
8
6
5
10
14
9
11
4
7
10
7
11
16
11
5
8
10
8
9
11
10
11
14
12
11
6
16
13
9
5
11
12
11
9
11
9
2
15
9
6
7
10
14
11
4
7
9
4
7
13
11
8
9
8
2
10
13
3
9
5
6
6
10
7
7
10
7
8
6
7
7
7
5
6
8
6
19
11
6
14
5
4
7
3
13
3
9
6
11
8
12
10
3
8
5
14
9
8
12
5
8
13
10
6
15
8
13
9
5
9
9
7
11
8
11
8
9
19
7
2
9
10
13
11
12
8
9
11
9
9
12
12
13
9
19
11
13
8
10
7
11
12
6
9
9
5
11
8
5
8
6
5
11
18
8
10
8
10
13
6
6
3
5
9
8
7
7
7
10
10
11
8
9
7
15
9
11
6
5
7
18
9
11
8
2
11
8
12
10
13
11
9
4
6
6
8
8
10
5
7
10
8
9
6
15
12
9
11
14
16
15
9
11
7
11
10
8
12
8
10
7
5
9
14
5
10
7
11
9
9
16
9
10
6
11
19
8
8
11
11
2
10
11
13
15
13
15
8
10
8
10
13
7
5
12
6
12
7
8
6
13
10
10
11
7
9
7
9
6
7
11
9
8
11
9
8
10
15
5
8
13
6
8
6
7
11
9
14
14
7
9
4
12
9
12
9
9
7
16
11
10
11
9
11
10
8
9
9
11
6
7
11
11
14
13
18
10
6
12
15
8
11
13
3
16
14
4
10
8
11
9
17
10
9
5
8
12
11
9
11
11
10
7
9
12
14
4
13
8
6
11
13
12
5
13
7
4
8
11
11
6
12
8
9
12
12
7
10
7
8
5
15
9
10
8
15
7
10
10
6
18
15
14
12
9
9
9
9
13
9
9
7
14
15
14
11
17
4
9
15
9
14
15
14
12
11
16
4
7
11
7
5
14
7
7
15
7
12
10
13
10
9
11
10
10
12
13
13
10
13
7
11
9
6
8
12
14
13
14
10
16
13
11
8
16
6
11
13
11
8
13
8
10
13
9
12
9
6
17
10
15
16
14
11
7
18
9
13
15
8
14
13
16
14
6
12
8
12
7
15
9
15
5
11
17
8
9
7
9
10
10
21
7
16
14
10
13
6
12
16
9
10
16
15
9
9
9
14
14
14
10
8
7
15
12
5
11
4
7
8
14
9
7
18
12
8
8
9
16
17
9
8
10
8
13
8
17
16
8
17
9
13
15
14
9
15
11
16
9
11
9
13
15
21
16
12
8
6
9
11
10
8
7
16
12
5
8
12
11
12
12
12
11
17
10
11
20
10
12
14
6
14
13
14
21
12
4
9
6
16
7
13
3
11
13
13
12
11
9
8
15
5
10
14
14
14
6
13
2
15
12
16
8
11
9
12
12
15
10
9
15
21
9
13
13
13
13
15
7
6
7
7
7
12
11
16
13
10
10
9
13
11
9
19
15
13
13
18
10
13
8
8
13
12
6
14
14
9
11
18
8
13
10
19
9
16
16
14
25
22
8
10
8
9
10
10
12
6
10
14
21
14
14
13
11
16
13
16
8
14
10
10
11
12
10
7
5
12
12
17
10
14
8
10
11
12
18
13
13
9
8
14
16
11
12
11
18
7
17
12
16
16
12
10
17
7
10
7
15
14
13
7
11
10
13
11
14
16
12
7
9
15
17
10
13
7
21
10
9
14
16
15
11
10
16
8
8
10
13
16
16
15
9
15
14
15
9
19
6
15
8
11
18
10
12
14
13
16
10
18
6
9
18
9
11
8
13
10
10
14
15
16
9
11
8
18
8
12
13
18
14
11
19
15
15
16
10
16
16
18
7
16
12
20
12
8
12
8
18
13
11
9
12
8
15
10
8
10
5
10
12
15
16
11
12
16
13
12
20
11
16
13
10
12
12
14
15
6
13
13
12
11
12
18
11
15
16
17
21
17
18
24
13
15
13
9
17
12
17
14
18
11
11
6
9
19
9
14
21
15
14
18
14
13
21
15
14
13
11
14
11
11
25
13
15
12
10
10
16
11
9
10
13
5
12
17
11
16
12
13
9
16
8
22
11
13
12
12
13
15
13
16
14
18
15
20
16
13
15
7
13
12
8
14
16
14
14
18
8
13
23
20
28
14
16
12
17
18
11
15
20
15
18
14
16
22
15
12
15
12
12
14
14
12
29
18
15
16
13
14
13
9
18
11
20
14
18
16
10
15
20
24
11
10
10
9
15
13
11
15
20
15
14
13
12
11
17
14
7
13
19
13
17
22
13
17
22
24
14
16
13
25
17
11
16
13
18
17
17
21
25
12
21
18
17
20
27
15
21
20
9
11
16
18
9
12
20
19
20
10
8
12
19
17
19
28
24
14
21
23
18
17
14
19
12
13
11
9
12
18
12
17
12
21
19
18
14
16
20
17
21
23
10
10
21
17
17
8
11
12
16
17
28
20
11
9
13
20
16
17
17
17
20
13
14
13
18
14
18
18
21
17
12
15
14
9
16
13
18
17
17
12
16
25
15
14
24
26
11
19
11
17
14
22
16
19
17
13
14
13
18
19
14
19
15
16
11
16
22
19
13
17
16
20
20
15
13
20
20
17
20
15
19
12
18
16
22
12
20
15
15
19
11
15
17
15
17
19
13
12
13
19
11
13
16
21
20
17
18
16
13
19
16
18
17
7
8
25
22
12
20
17
24
9
17
14
13
19
11
24
15
12
17
19
17
21
18
13
12
13
20
19
22
16
21
21
21
6
19
11
16
19
14
18
18
14
19
16
13
17
15
19
22
23
16
13
24
9
24
16
23
15
16
26
13
21
7
26
20
22
16
22
24
19
12
14
13
26
30
15
17
17
12
17
16
13
18
22
19
15
24
19
17
15
11
22
17
15
23
14
20
10
14
21
17
20
24
17
25
16
24
13
22
24
22
17
15
26
20
22
31
25
8
14
17
23
13
12
13
26
10
20
11
10
7
28
21
29
16
24
17
23
20
17
21
25
32
13
24
24
21
27
28
10
18
19
13
25
26
22
20
19
24
15
17
29
13
23
25
13
17
16
20
19
8
22
17
17
14
11
18
14
17
14
26
22
12
25
12
15
21
25
24
22
16
18
14
17
24
24
17
15
19
24
17
19
17
20
20
15
19
34
23
17
18
26
22
18
13
17
34
11
10
24
26
21
19
16
17
16
21
25
13
26
19
7
25
19
16
15
26
22
18
13
20
12
12
21
15
13
21
12
17
20
22
14
19
13
24
17
21
33
9
23
29
18
15
22
8
21
22
22
21
19
21
12
13
20
25
19
13
24
18
18
24
11
22
19
24
17
18
16
13
13
15
11
25
27
19
13
23
13
21
32
17
30
29
19
22
22
22
22
22
18
19
17
17
18
27
16
23
17
29
21
17
17
24
28
23
20
27
16
19
23
18
16
24
27
28
22
18
19
18
24
13
20
17
26
24
13
30
20
11
15
27
19
17
29
17
15
26
21
16
21
25
24
34
25
14
19
24
8
20
16
17
26
18
24
15
15
25
24
13
21
18
26
29
24
16
11
22
32
24
16
21
23
23
20
17
22
19
26
40
25
14
25
21
11
24
25
17
22
23
21
10
18
19
16
15
24
13
39
21
14
29
27
11
17
31
17
11
15
23
17
28
33
20
16
15
30
22
35
24
15
17
29
16
22
20
15
24
17
22
28
18
16
32
27
25
18
22
7
15
26
20
31
29
25
22
23
25
24
31
26
26
20
27
21
16
28
19
21
17
26
17
23
14
24
15
21
18
29
24
26
27
23
35
31
15
13
31
30
19
31
15
23
22
24
14
22
26
26
27
29
24
17
20
32
20
16
22
18
29
27
31
22
27
14
29
23
17
28
28
28
12
20
18
21
27
18
26
25
26
13
20
20
40
35
36
27
21
14
14
22
16
15
18
20
28
26
26
25
18
30
29
30
16
19
20
17
22
27
35
25
14
32
30
26
20
38
15
14
27
15
17
18
21
33
28
13
23
21
17
27
16
19
21
29
21
21
27
17
21
23
21
23
15
38
18
25
32
30
29
17
27
23
13
30
27
19
23
24
22
30
29
13
33
33
23
36
23
30
26
36
18
26
25
38
16
25
18
32
19
21
22
34
29
29
20
27
27
15
32
27
32
21
20
29
20
36
29
42
26
25
18
15
22
18
22
16
17
24
27
32
31
33
20
19
24
18
29
16
31
21
18
31
21
20
17
15
15
20
29
22
20
21
24
28
22
19
26
26
28
28
28
29
14
29
39
20
22
34
33
24
29
15
20
37
18
28
28
24
12
24
19
15
23
23
43
27
33
39
31
19
25
29
32
32
21
25
19
42
30
48
23
28
39
37
37
26
22
29
23
26
35
36
16
17
26
20
15
26
31
24
23
30
29
20
28
29
27
22
21
27
22
41
30
35
35
17
28
21
27
29
34
20
30
41
34
25
25
27
27
12
22
36
33
36
35
26
26
32
26
52
20
47
25
33
38
24
45
20
30
24
24
22
26
23
21
31
20
42
26
23
22
28
31
20
22
26
24
30
34
20
22
21
23
37
16
13
38
33
32
28
30
33
33
28
32
27
43
44
24
38
33
21
21
25
35
33
36
43
29
34
35
33
33
38
25
35
27
24
18
31
27
33
33
39
34
30
23
30
30
32
38
26
21
45
39
28
25
17
28
36
23
32
14
40
28
34
26
34
38
33
23
34
24
43
27
26
31
20
20
22
37
43
63
37
23
27
27
29
26
24
26
20
22
29
37
32
23
15
36
47
29
31
31
29
33
31
31
29
21
36
23
24
28
24
28
37
18
29
20
24
22
43
38
35
21
25
27
32
14
33
28
27
42
24
27
29
20
30
37
29
34
31
38
38
16
18
33
19
26
37
24
35
22
23
31
24
39
39
21
25
27
31
36
39
27
27
29
28
35
23
26
28
21
25
48
37
37
34
42
22
37
37
35
47
42
18
28
43
31
18
45
29
33
26
34
24
29
38
33
32
24
25
29
18
39
27
41
28
39
34
29
22
42
40
53
28
36
49
24
37
40
26
38
41
25
47
24
25
40
36
22
39
31
44
34
34
37
37
44
33
31
27
24
26
24
32
23
26
33
32
52
28
44
40
33
28
35
32
21
43
35
44
23
32
52
54
17
37
43
30
36
29
29
34
40
22
26
47
25
40
41
36
27
42
33
22
43
36
40
32
36
15
32
31
41
31
43
39
33
40
35
33
38
21
34
25
32
43
37
26
39
41
33
52
35
44
26
34
34
41
33
42
34
20
33
34
33
39
31
41
35
30
27
42
35
21
39
53
23
36
40
33
37
42
50
37
34
29
25
35
37
43
44
44
39
28
32
36
38
34
32
35
30
26
44
32
26
30
38
24
38
29
17
47
28
25
24
38
29
33
42
21
40
27
26
24
39
41
38
46
43
28
18
34
38
46
24
21
44
